# y u_x u_y
0.000000e+00 0.000000e+00 0.000000e+00
1.000000e-02 0.000000e+00 0.000000e+00
2.000000e-02 0.000000e+00 0.000000e+00
3.000000e-02 0.000000e+00 0.000000e+00
4.000000e-02 0.000000e+00 0.000000e+00
5.000000e-02 0.000000e+00 0.000000e+00
6.000000e-02 0.000000e+00 0.000000e+00
7.000000e-02 0.000000e+00 0.000000e+00
8.000000e-02 0.000000e+00 0.000000e+00
9.000000e-02 0.000000e+00 0.000000e+00
1.000000e-01 0.000000e+00 0.000000e+00
1.100000e-01 0.000000e+00 0.000000e+00
1.200000e-01 0.000000e+00 0.000000e+00
1.300000e-01 0.000000e+00 0.000000e+00
1.400000e-01 0.000000e+00 0.000000e+00
1.500000e-01 0.000000e+00 0.000000e+00
1.600000e-01 0.000000e+00 0.000000e+00
1.700000e-01 0.000000e+00 0.000000e+00
1.800000e-01 0.000000e+00 0.000000e+00
1.900000e-01 0.000000e+00 0.000000e+00
2.000000e-01 0.000000e+00 0.000000e+00
2.100000e-01 0.000000e+00 0.000000e+00
2.200000e-01 0.000000e+00 0.000000e+00
2.300000e-01 0.000000e+00 0.000000e+00
2.400000e-01 0.000000e+00 0.000000e+00
2.500000e-01 0.000000e+00 0.000000e+00
2.600000e-01 0.000000e+00 0.000000e+00
2.700000e-01 0.000000e+00 0.000000e+00
2.800000e-01 0.000000e+00 0.000000e+00
2.900000e-01 0.000000e+00 0.000000e+00
3.000000e-01 0.000000e+00 0.000000e+00
3.100000e-01 0.000000e+00 0.000000e+00
3.200000e-01 0.000000e+00 0.000000e+00
3.300000e-01 0.000000e+00 0.000000e+00
3.400000e-01 0.000000e+00 0.000000e+00
3.500000e-01 0.000000e+00 0.000000e+00
3.600000e-01 0.000000e+00 0.000000e+00
3.700000e-01 0.000000e+00 0.000000e+00
3.800000e-01 0.000000e+00 0.000000e+00
3.900000e-01 0.000000e+00 0.000000e+00
4.000000e-01 0.000000e+00 0.000000e+00
4.100000e-01 0.000000e+00 0.000000e+00
4.200000e-01 0.000000e+00 0.000000e+00
4.300000e-01 0.000000e+00 0.000000e+00
4.400000e-01 0.000000e+00 0.000000e+00
4.500000e-01 0.000000e+00 0.000000e+00
4.600000e-01 0.000000e+00 0.000000e+00
4.700000e-01 0.000000e+00 0.000000e+00
4.800000e-01 0.000000e+00 0.000000e+00
4.900000e-01 0.000000e+00 0.000000e+00
5.000000e-01 0.000000e+00 0.000000e+00
5.100000e-01 9.900000e-03 -1.724795e-16
5.200000e-01 1.960000e-02 -2.848764e-16
5.300000e-01 2.910000e-02 -3.371907e-16
5.400000e-01 3.840000e-02 -3.294225e-16
5.500000e-01 4.750000e-02 -2.615717e-16
5.600000e-01 5.640000e-02 -1.336383e-16
5.700000e-01 6.510000e-02 5.437760e-17
5.800000e-01 7.360000e-02 3.024761e-16
5.900000e-01 8.190000e-02 6.106572e-16
6.000000e-01 9.000000e-02 9.789208e-16
6.100000e-01 9.790000e-02 1.407267e-15
6.200000e-01 1.056000e-01 1.838943e-15
6.300000e-01 1.131000e-01 2.232150e-15
6.400000e-01 1.204000e-01 2.588603e-15
6.500000e-01 1.275000e-01 2.908303e-15
6.600000e-01 1.344000e-01 3.191248e-15
6.700000e-01 1.411000e-01 3.437440e-15
6.800000e-01 1.476000e-01 3.646878e-15
6.900000e-01 1.539000e-01 3.819562e-15
7.000000e-01 1.600000e-01 3.955493e-15
7.100000e-01 1.659000e-01 4.054669e-15
7.200000e-01 1.716000e-01 4.117092e-15
7.300000e-01 1.771000e-01 4.162353e-15
7.400000e-01 1.824000e-01 4.195834e-15
7.500000e-01 1.875000e-01 4.214358e-15
7.600000e-01 1.924000e-01 4.217926e-15
7.700000e-01 1.971000e-01 4.206536e-15
7.800000e-01 2.016000e-01 4.180190e-15
7.900000e-01 2.059000e-01 4.138887e-15
8.000000e-01 2.100000e-01 4.082627e-15
8.100000e-01 2.139000e-01 4.011411e-15
8.200000e-01 2.176000e-01 3.925238e-15
8.300000e-01 2.211000e-01 3.824108e-15
8.400000e-01 2.244000e-01 3.711482e-15
8.500000e-01 2.275000e-01 3.584421e-15
8.600000e-01 2.304000e-01 3.440951e-15
8.700000e-01 2.331000e-01 3.281073e-15
8.800000e-01 2.356000e-01 3.104788e-15
8.900000e-01 2.379000e-01 2.912094e-15
9.000000e-01 2.400000e-01 2.702991e-15
9.100000e-01 2.419000e-01 2.477481e-15
9.200000e-01 2.436000e-01 2.235562e-15
9.300000e-01 2.451000e-01 1.977236e-15
9.400000e-01 2.464000e-01 1.702501e-15
9.500000e-01 2.475000e-01 1.420827e-15
9.600000e-01 2.484000e-01 1.142769e-15
9.700000e-01 2.491000e-01 8.643104e-16
9.800000e-01 2.496000e-01 5.854495e-16
9.900000e-01 2.499000e-01 3.061869e-16
1.000000e+00 2.500000e-01 2.652236e-17
