# y u_x u_y
0.000000e+00 0.000000e+00 0.000000e+00
1.000000e-02 0.000000e+00 0.000000e+00
2.000000e-02 0.000000e+00 0.000000e+00
3.000000e-02 0.000000e+00 0.000000e+00
4.000000e-02 0.000000e+00 0.000000e+00
5.000000e-02 0.000000e+00 0.000000e+00
6.000000e-02 0.000000e+00 0.000000e+00
7.000000e-02 0.000000e+00 0.000000e+00
8.000000e-02 0.000000e+00 0.000000e+00
9.000000e-02 0.000000e+00 0.000000e+00
1.000000e-01 0.000000e+00 0.000000e+00
1.100000e-01 0.000000e+00 0.000000e+00
1.200000e-01 0.000000e+00 0.000000e+00
1.300000e-01 0.000000e+00 0.000000e+00
1.400000e-01 0.000000e+00 0.000000e+00
1.500000e-01 0.000000e+00 0.000000e+00
1.600000e-01 0.000000e+00 0.000000e+00
1.700000e-01 0.000000e+00 0.000000e+00
1.800000e-01 0.000000e+00 0.000000e+00
1.900000e-01 0.000000e+00 0.000000e+00
2.000000e-01 0.000000e+00 0.000000e+00
2.100000e-01 0.000000e+00 0.000000e+00
2.200000e-01 0.000000e+00 0.000000e+00
2.300000e-01 0.000000e+00 0.000000e+00
2.400000e-01 0.000000e+00 0.000000e+00
2.500000e-01 0.000000e+00 0.000000e+00
2.600000e-01 0.000000e+00 0.000000e+00
2.700000e-01 0.000000e+00 0.000000e+00
2.800000e-01 0.000000e+00 0.000000e+00
2.900000e-01 0.000000e+00 0.000000e+00
3.000000e-01 0.000000e+00 0.000000e+00
3.100000e-01 0.000000e+00 0.000000e+00
3.200000e-01 0.000000e+00 0.000000e+00
3.300000e-01 0.000000e+00 0.000000e+00
3.400000e-01 0.000000e+00 0.000000e+00
3.500000e-01 0.000000e+00 0.000000e+00
3.600000e-01 0.000000e+00 0.000000e+00
3.700000e-01 0.000000e+00 0.000000e+00
3.800000e-01 0.000000e+00 0.000000e+00
3.900000e-01 0.000000e+00 0.000000e+00
4.000000e-01 0.000000e+00 0.000000e+00
4.100000e-01 0.000000e+00 0.000000e+00
4.200000e-01 0.000000e+00 0.000000e+00
4.300000e-01 0.000000e+00 0.000000e+00
4.400000e-01 0.000000e+00 0.000000e+00
4.500000e-01 0.000000e+00 0.000000e+00
4.600000e-01 0.000000e+00 0.000000e+00
4.700000e-01 0.000000e+00 0.000000e+00
4.800000e-01 0.000000e+00 0.000000e+00
4.900000e-01 0.000000e+00 0.000000e+00
5.000000e-01 0.000000e+00 0.000000e+00
5.100000e-01 9.900000e-03 -2.080552e-18
5.200000e-01 1.960000e-02 -2.864601e-18
5.300000e-01 2.910000e-02 -2.352148e-18
5.400000e-01 3.840000e-02 -5.431926e-19
5.500000e-01 4.750000e-02 2.562265e-18
5.600000e-01 5.640000e-02 1.120820e-17
5.700000e-01 6.510000e-02 2.490228e-17
5.800000e-01 7.360000e-02 3.774210e-17
5.900000e-01 8.190000e-02 4.972768e-17
6.000000e-01 9.000000e-02 6.085899e-17
6.100000e-01 9.790000e-02 7.113605e-17
6.200000e-01 1.056000e-01 7.263014e-17
6.300000e-01 1.131000e-01 6.300524e-17
6.400000e-01 1.204000e-01 4.270693e-17
6.500000e-01 1.275000e-01 1.173522e-17
6.600000e-01 1.344000e-01 -2.990989e-17
6.700000e-01 1.411000e-01 -7.030483e-17
6.800000e-01 1.476000e-01 -8.889517e-17
6.900000e-01 1.539000e-01 -1.052127e-16
7.000000e-01 1.600000e-01 -1.192574e-16
7.100000e-01 1.659000e-01 -1.310292e-16
7.200000e-01 1.716000e-01 -1.405282e-16
7.300000e-01 1.771000e-01 -1.409071e-16
7.400000e-01 1.824000e-01 -1.390168e-16
7.500000e-01 1.875000e-01 -1.370591e-16
7.600000e-01 1.924000e-01 -1.350337e-16
7.700000e-01 1.971000e-01 -1.329407e-16
7.800000e-01 2.016000e-01 -1.307802e-16
7.900000e-01 2.059000e-01 -1.285520e-16
8.000000e-01 2.100000e-01 -1.262563e-16
8.100000e-01 2.139000e-01 -1.238930e-16
8.200000e-01 2.176000e-01 -1.214621e-16
8.300000e-01 2.211000e-01 -1.189636e-16
8.400000e-01 2.244000e-01 -1.008127e-16
8.500000e-01 2.275000e-01 -7.718605e-17
8.600000e-01 2.304000e-01 -5.635275e-17
8.700000e-01 2.331000e-01 -3.831284e-17
8.800000e-01 2.356000e-01 -2.306633e-17
8.900000e-01 2.379000e-01 -1.061321e-17
9.000000e-01 2.400000e-01 -9.534846e-19
9.100000e-01 2.419000e-01 5.912846e-18
9.200000e-01 2.436000e-01 9.985783e-18
9.300000e-01 2.451000e-01 1.126533e-17
9.400000e-01 2.464000e-01 9.751474e-18
9.500000e-01 2.475000e-01 5.225671e-18
9.600000e-01 2.484000e-01 1.830058e-18
9.700000e-01 2.491000e-01 9.104620e-19
9.800000e-01 2.496000e-01 2.466882e-18
9.900000e-01 2.499000e-01 6.499317e-18
1.000000e+00 2.500000e-01 1.300777e-17
