# y u_x u_y
0.000000e+00 1.000000e+00 0.000000e+00
1.000000e-02 9.994276e-01 -3.324182e-07
2.000000e-02 9.979114e-01 -6.919229e-07
3.000000e-02 9.954513e-01 -1.078514e-06
4.000000e-02 9.920474e-01 -1.492191e-06
5.000000e-02 9.876996e-01 -1.932955e-06
6.000000e-02 9.822115e-01 -2.394880e-06
7.000000e-02 9.758050e-01 -2.874548e-06
8.000000e-02 9.684800e-01 -3.371961e-06
9.000000e-02 9.602367e-01 -3.887117e-06
1.000000e-01 9.510749e-01 -4.420017e-06
1.100000e-01 9.408073e-01 -4.890764e-06
1.200000e-01 9.296691e-01 -5.349665e-06
1.300000e-01 9.176603e-01 -5.796719e-06
1.400000e-01 9.047808e-01 -6.231926e-06
1.500000e-01 8.910308e-01 -6.655287e-06
1.600000e-01 8.762366e-01 -6.984504e-06
1.700000e-01 8.606410e-01 -7.294581e-06
1.800000e-01 8.442440e-01 -7.585517e-06
1.900000e-01 8.270456e-01 -7.857313e-06
2.000000e-01 8.090459e-01 -8.109968e-06
2.100000e-01 7.900893e-01 -8.261366e-06
2.200000e-01 7.704203e-01 -8.393515e-06
2.300000e-01 7.500388e-01 -8.506415e-06
2.400000e-01 7.289449e-01 -8.600065e-06
2.500000e-01 7.071386e-01 -8.674466e-06
2.600000e-01 6.844864e-01 -8.646909e-06
2.700000e-01 6.612283e-01 -8.599552e-06
2.800000e-01 6.373643e-01 -8.532396e-06
2.900000e-01 6.128943e-01 -8.445440e-06
3.000000e-01 5.878184e-01 -8.338686e-06
3.100000e-01 5.620285e-01 -8.136154e-06
3.200000e-01 5.357540e-01 -7.914243e-06
3.300000e-01 5.089951e-01 -7.672952e-06
3.400000e-01 4.817516e-01 -7.412281e-06
3.500000e-01 4.540236e-01 -7.132231e-06
3.600000e-01 4.257310e-01 -6.771739e-06
3.700000e-01 3.970872e-01 -6.394607e-06
3.800000e-01 3.680922e-01 -6.000835e-06
3.900000e-01 3.387461e-01 -5.590424e-06
4.000000e-01 3.090488e-01 -5.163371e-06
4.100000e-01 2.789501e-01 -4.679435e-06
4.200000e-01 2.486423e-01 -4.183713e-06
4.300000e-01 2.181253e-01 -3.676207e-06
4.400000e-01 1.873992e-01 -3.156916e-06
4.500000e-01 1.564639e-01 -2.625841e-06
4.600000e-01 1.253003e-01 -2.067032e-06
4.700000e-01 9.407479e-02 -1.502698e-06
4.800000e-01 6.278723e-02 -9.328392e-07
4.900000e-01 3.143766e-02 -3.574560e-07
5.000000e-01 2.608160e-05 2.234519e-07
5.100000e-01 -3.143496e-02 8.004425e-07
5.200000e-01 -6.280933e-02 1.376034e-06
5.300000e-01 -9.409703e-02 1.950225e-06
5.400000e-01 -1.252981e-01 2.523017e-06
5.500000e-01 -1.564124e-01 3.094409e-06
5.600000e-01 -1.873963e-01 3.630905e-06
5.700000e-01 -2.181469e-01 4.159117e-06
5.800000e-01 -2.486643e-01 4.679046e-06
5.900000e-01 -2.789485e-01 5.190692e-06
6.000000e-01 -3.089995e-01 5.694054e-06
6.100000e-01 -3.387432e-01 6.135230e-06
6.200000e-01 -3.681128e-01 6.561878e-06
6.300000e-01 -3.971085e-01 6.974000e-06
6.400000e-01 -4.257301e-01 7.371595e-06
6.500000e-01 -4.539777e-01 7.754663e-06
6.600000e-01 -4.817488e-01 8.054439e-06
6.700000e-01 -5.090143e-01 8.334435e-06
6.800000e-01 -5.357742e-01 8.594653e-06
6.900000e-01 -5.620285e-01 8.835092e-06
7.000000e-01 -5.877772e-01 9.055753e-06
7.100000e-01 -6.128919e-01 9.179797e-06
7.200000e-01 -6.373818e-01 9.280003e-06
7.300000e-01 -6.612470e-01 9.356371e-06
7.400000e-01 -6.844874e-01 9.408901e-06
7.500000e-01 -7.071031e-01 9.437594e-06
7.600000e-01 -7.289429e-01 9.365136e-06
7.700000e-01 -7.500543e-01 9.267056e-06
7.800000e-01 -7.704371e-01 9.143352e-06
7.900000e-01 -7.900914e-01 8.994026e-06
8.000000e-01 -8.090173e-01 8.819077e-06
8.100000e-01 -8.270445e-01 8.549626e-06
8.200000e-01 -8.442574e-01 8.258320e-06
8.300000e-01 -8.606560e-01 7.945160e-06
8.400000e-01 -8.762403e-01 7.610146e-06
8.500000e-01 -8.910103e-01 7.253278e-06
8.600000e-01 -9.047810e-01 6.824889e-06
8.700000e-01 -9.176716e-01 6.386718e-06
8.800000e-01 -9.296822e-01 5.938764e-06
8.900000e-01 -9.408126e-01 5.481027e-06
9.000000e-01 -9.510629e-01 5.013507e-06
9.100000e-01 -9.602379e-01 4.514751e-06
9.200000e-01 -9.684885e-01 4.018511e-06
9.300000e-01 -9.758149e-01 3.524787e-06
9.400000e-01 -9.822169e-01 3.033580e-06
9.500000e-01 -9.876946e-01 2.544889e-06
9.600000e-01 -9.920476e-01 2.066785e-06
9.700000e-01 -9.954547e-01 1.573243e-06
9.800000e-01 -9.979157e-01 1.064265e-06
9.900000e-01 -9.994309e-01 5.398510e-07
1.000000e+00 -1.000000e+00 -1.329057e-32
