# y u_x u_y
0.000000e+00 1.000000e+00 0.000000e+00
1.000000e-02 9.988655e-01 4.881783e-06
2.000000e-02 9.969012e-01 8.933332e-06
3.000000e-02 9.941071e-01 1.215465e-05
4.000000e-02 9.904833e-01 1.454572e-05
5.000000e-02 9.860297e-01 1.610657e-05
6.000000e-02 9.807463e-01 1.683718e-05
7.000000e-02 9.746332e-01 1.673755e-05
8.000000e-02 9.676903e-01 1.580769e-05
9.000000e-02 9.599177e-01 1.404759e-05
1.000000e-01 9.513153e-01 1.145726e-05
1.100000e-01 9.404295e-01 8.958977e-06
1.200000e-01 9.288095e-01 6.588310e-06
1.300000e-01 9.164552e-01 4.345260e-06
1.400000e-01 9.033667e-01 2.229825e-06
1.500000e-01 8.895439e-01 2.420060e-07
1.600000e-01 8.749869e-01 -1.618197e-06
1.700000e-01 8.596957e-01 -3.350784e-06
1.800000e-01 8.436702e-01 -4.955754e-06
1.900000e-01 8.269105e-01 -6.433109e-06
2.000000e-01 8.094165e-01 -7.782848e-06
2.100000e-01 7.898557e-01 -9.233499e-06
2.200000e-01 7.697270e-01 -1.048540e-05
2.300000e-01 7.490303e-01 -1.153855e-05
2.400000e-01 7.277656e-01 -1.239294e-05
2.500000e-01 7.059330e-01 -1.304858e-05
2.600000e-01 6.835324e-01 -1.350547e-05
2.700000e-01 6.605638e-01 -1.376361e-05
2.800000e-01 6.370273e-01 -1.382300e-05
2.900000e-01 6.129228e-01 -1.368363e-05
3.000000e-01 5.882504e-01 -1.334552e-05
3.100000e-01 5.619273e-01 -1.381407e-05
3.200000e-01 5.352586e-01 -1.403259e-05
3.300000e-01 5.082442e-01 -1.400107e-05
3.400000e-01 4.808842e-01 -1.371951e-05
3.500000e-01 4.531786e-01 -1.318791e-05
3.600000e-01 4.251273e-01 -1.240627e-05
3.700000e-01 3.967304e-01 -1.137460e-05
3.800000e-01 3.679878e-01 -1.009288e-05
3.900000e-01 3.388996e-01 -8.561130e-06
4.000000e-01 3.094658e-01 -6.779339e-06
4.100000e-01 2.789589e-01 -5.865511e-06
4.200000e-01 2.483626e-01 -4.743512e-06
4.300000e-01 2.176767e-01 -3.413342e-06
4.400000e-01 1.869014e-01 -1.875000e-06
4.500000e-01 1.560365e-01 -1.284866e-07
4.600000e-01 1.250822e-01 1.826198e-06
4.700000e-01 9.403834e-02 3.989054e-06
4.800000e-01 6.290501e-02 6.360081e-06
4.900000e-01 3.168219e-02 8.939279e-06
5.000000e-01 3.698743e-04 1.172665e-05
5.100000e-01 -3.133370e-02 1.380691e-05
5.200000e-01 -6.286173e-02 1.593894e-05
5.300000e-01 -9.421421e-02 1.812277e-05
5.400000e-01 -1.253911e-01 2.035838e-05
5.500000e-01 -1.563925e-01 2.264577e-05
5.600000e-01 -1.872183e-01 2.498494e-05
5.700000e-01 -2.178686e-01 2.737590e-05
5.800000e-01 -2.483434e-01 2.981864e-05
5.900000e-01 -2.786425e-01 3.231317e-05
6.000000e-01 -3.087662e-01 3.485948e-05
6.100000e-01 -3.385617e-01 3.712692e-05
6.200000e-01 -3.679337e-01 3.924627e-05
6.300000e-01 -3.968822e-01 4.121752e-05
6.400000e-01 -4.254073e-01 4.304069e-05
6.500000e-01 -4.535089e-01 4.471576e-05
6.600000e-01 -4.811870e-01 4.624274e-05
6.700000e-01 -5.084417e-01 4.762163e-05
6.800000e-01 -5.352728e-01 4.885243e-05
6.900000e-01 -5.616806e-01 4.993513e-05
7.000000e-01 -5.876648e-01 5.086974e-05
7.100000e-01 -6.126334e-01 5.206717e-05
7.200000e-01 -6.369722e-01 5.290772e-05
7.300000e-01 -6.606811e-01 5.339139e-05
7.400000e-01 -6.837602e-01 5.351817e-05
7.500000e-01 -7.062096e-01 5.328807e-05
7.600000e-01 -7.280290e-01 5.270109e-05
7.700000e-01 -7.492187e-01 5.175723e-05
7.800000e-01 -7.697786e-01 5.045648e-05
7.900000e-01 -7.897086e-01 4.879886e-05
8.000000e-01 -8.090088e-01 4.678435e-05
8.100000e-01 -8.267063e-01 4.535067e-05
8.200000e-01 -8.436293e-01 4.354087e-05
8.300000e-01 -8.597779e-01 4.135492e-05
8.400000e-01 -8.751522e-01 3.879284e-05
8.500000e-01 -8.897520e-01 3.585463e-05
8.600000e-01 -9.035774e-01 3.254028e-05
8.700000e-01 -9.166283e-01 2.884979e-05
8.800000e-01 -9.289049e-01 2.478317e-05
8.900000e-01 -9.404071e-01 2.034041e-05
9.000000e-01 -9.511348e-01 1.552152e-05
9.100000e-01 -9.598285e-01 1.240781e-05
9.200000e-01 -9.676761e-01 9.641115e-06
9.300000e-01 -9.746777e-01 7.221433e-06
9.400000e-01 -9.808332e-01 5.148763e-06
9.500000e-01 -9.861427e-01 3.423105e-06
9.600000e-01 -9.906063e-01 2.044460e-06
9.700000e-01 -9.942237e-01 1.012826e-06
9.800000e-01 -9.969952e-01 3.282053e-07
9.900000e-01 -9.989206e-01 -9.403475e-09
1.000000e+00 -1.000000e+00 -1.316024e-32
