# y u_x u_y
0.000000e+00 1.000000e+00 0.000000e+00
1.000000e-02 9.995125e-01 -9.811090e-07
2.000000e-02 9.980285e-01 -2.316239e-06
3.000000e-02 9.955538e-01 -3.899678e-06
4.000000e-02 9.920945e-01 -5.625712e-06
5.000000e-02 9.876566e-01 -7.388629e-06
6.000000e-02 9.822459e-01 -9.082716e-06
7.000000e-02 9.758684e-01 -1.060226e-05
8.000000e-02 9.685301e-01 -1.184155e-05
9.000000e-02 9.602370e-01 -1.269487e-05
1.000000e-01 9.509951e-01 -1.305651e-05
1.100000e-01 9.408249e-01 -1.422857e-05
1.200000e-01 9.297273e-01 -1.515985e-05
1.300000e-01 9.177136e-01 -1.594206e-05
1.400000e-01 9.047948e-01 -1.666691e-05
1.500000e-01 8.909822e-01 -1.742609e-05
1.600000e-01 8.762869e-01 -1.831132e-05
1.700000e-01 8.607202e-01 -1.941429e-05
1.800000e-01 8.442933e-01 -2.082672e-05
1.900000e-01 8.270173e-01 -2.264029e-05
2.000000e-01 8.089034e-01 -2.494673e-05
2.100000e-01 7.900720e-01 -2.792140e-05
2.200000e-01 7.704578e-01 -3.060931e-05
2.300000e-01 7.500797e-01 -3.312130e-05
2.400000e-01 7.289566e-01 -3.556822e-05
2.500000e-01 7.071073e-01 -3.806092e-05
2.600000e-01 6.845508e-01 -4.071024e-05
2.700000e-01 6.613058e-01 -4.362703e-05
2.800000e-01 6.373912e-01 -4.692214e-05
2.900000e-01 6.128260e-01 -5.070640e-05
3.000000e-01 5.876289e-01 -5.509067e-05
3.100000e-01 5.619801e-01 -5.936793e-05
3.200000e-01 5.357703e-01 -6.218644e-05
3.300000e-01 5.090241e-01 -6.381233e-05
3.400000e-01 4.817658e-01 -6.451177e-05
3.500000e-01 4.540200e-01 -6.455089e-05
3.600000e-01 4.258113e-01 -6.419585e-05
3.700000e-01 3.971640e-01 -6.371279e-05
3.800000e-01 3.681027e-01 -6.336787e-05
3.900000e-01 3.386519e-01 -6.342723e-05
4.000000e-01 3.088361e-01 -6.415702e-05
4.100000e-01 2.788696e-01 -6.442663e-05
4.200000e-01 2.486261e-01 -6.183232e-05
4.300000e-01 2.181332e-01 -5.703247e-05
4.400000e-01 1.874187e-01 -5.068542e-05
4.500000e-01 1.565102e-01 -4.344953e-05
4.600000e-01 1.254354e-01 -3.598316e-05
4.700000e-01 9.422200e-02 -2.894468e-05
4.800000e-01 6.289763e-02 -2.299244e-05
4.900000e-01 3.148999e-02 -1.878480e-05
5.000000e-01 2.676240e-05 -1.698012e-05
5.100000e-01 -3.146456e-02 -1.572069e-05
5.200000e-01 -6.289344e-02 -1.160173e-05
5.300000e-01 -9.423243e-02 -5.351896e-06
5.400000e-01 -1.254541e-01 2.300151e-06
5.500000e-01 -1.565311e-01 1.062575e-05
5.600000e-01 -1.874359e-01 1.889622e-05
5.700000e-01 -2.181411e-01 2.638292e-05
5.800000e-01 -2.486194e-01 3.235718e-05
5.900000e-01 -2.788431e-01 3.609033e-05
6.000000e-01 -3.087851e-01 3.685370e-05
6.100000e-01 -3.386324e-01 3.574256e-05
6.200000e-01 -3.681052e-01 3.589262e-05
6.300000e-01 -3.971798e-01 3.693490e-05
6.400000e-01 -4.258327e-01 3.850043e-05
6.500000e-01 -4.540403e-01 4.022023e-05
6.600000e-01 -4.817791e-01 4.172532e-05
6.700000e-01 -5.090254e-01 4.264672e-05
6.800000e-01 -5.357558e-01 4.261545e-05
6.900000e-01 -5.619467e-01 4.126254e-05
7.000000e-01 -5.875744e-01 3.821901e-05
7.100000e-01 -6.128100e-01 3.313933e-05
7.200000e-01 -6.374003e-01 2.886007e-05
7.300000e-01 -6.613282e-01 2.524827e-05
7.400000e-01 -6.845766e-01 2.217103e-05
7.500000e-01 -7.071285e-01 1.949541e-05
7.600000e-01 -7.289668e-01 1.708848e-05
7.700000e-01 -7.500743e-01 1.481732e-05
7.800000e-01 -7.704341e-01 1.254899e-05
7.900000e-01 -7.900290e-01 1.015058e-05
8.000000e-01 -8.088420e-01 7.489145e-06
8.100000e-01 -8.270057e-01 3.687150e-06
8.200000e-01 -8.443114e-01 9.559922e-07
8.300000e-01 -8.607514e-01 -8.876967e-07
8.400000e-01 -8.763178e-01 -2.027284e-06
8.500000e-01 -8.910027e-01 -2.646136e-06
8.600000e-01 -9.047984e-01 -2.927621e-06
8.700000e-01 -9.176970e-01 -3.055106e-06
8.800000e-01 -9.296906e-01 -3.211959e-06
8.900000e-01 -9.407714e-01 -3.581547e-06
9.000000e-01 -9.509316e-01 -4.347237e-06
9.100000e-01 -9.602424e-01 -5.529638e-06
9.200000e-01 -9.685688e-01 -5.953213e-06
9.300000e-01 -9.759128e-01 -5.767761e-06
9.400000e-01 -9.822767e-01 -5.123082e-06
9.500000e-01 -9.876626e-01 -4.168975e-06
9.600000e-01 -9.920729e-01 -3.055239e-06
9.700000e-01 -9.955095e-01 -1.931674e-06
9.800000e-01 -9.979748e-01 -9.480796e-07
9.900000e-01 -9.994709e-01 -2.542551e-07
1.000000e+00 -1.000000e+00 -1.333369e-32
