# y u_x u_y
0.000000e+00 1.000000e+00 0.000000e+00
1.000000e-02 9.995066e-01 -1.241073e-08
2.000000e-02 9.980265e-01 -2.791234e-08
3.000000e-02 9.955621e-01 -2.879405e-08
4.000000e-02 9.921146e-01 -3.530891e-08
5.000000e-02 9.876884e-01 -3.630269e-08
6.000000e-02 9.822872e-01 -3.851135e-08
7.000000e-02 9.759167e-01 -4.301231e-08
8.000000e-02 9.685832e-01 -4.316129e-08
9.000000e-02 9.602936e-01 -4.682931e-08
1.000000e-01 9.510565e-01 -4.903249e-08
1.100000e-01 9.408807e-01 -5.159127e-08
1.200000e-01 9.297765e-01 -5.414484e-08
1.300000e-01 9.177546e-01 -5.805140e-08
1.400000e-01 9.048271e-01 -5.903914e-08
1.500000e-01 8.910065e-01 -6.310153e-08
1.600000e-01 8.763067e-01 -6.630663e-08
1.700000e-01 8.607421e-01 -6.653451e-08
1.800000e-01 8.443279e-01 -7.480409e-08
1.900000e-01 8.270806e-01 -7.304654e-08
2.000000e-01 8.090169e-01 -7.923219e-08
2.100000e-01 7.901550e-01 -8.353972e-08
2.200000e-01 7.705133e-01 -8.149177e-08
2.300000e-01 7.501110e-01 -9.488499e-08
2.400000e-01 7.289687e-01 -9.053441e-08
2.500000e-01 7.071066e-01 -9.939259e-08
2.600000e-01 6.845471e-01 -1.056230e-07
2.700000e-01 6.613120e-01 -1.016603e-07
2.800000e-01 6.374239e-01 -1.217928e-07
2.900000e-01 6.129072e-01 -1.156651e-07
3.000000e-01 5.877851e-01 -1.290804e-07
3.100000e-01 5.620834e-01 -1.398402e-07
3.200000e-01 5.358269e-01 -1.363538e-07
3.300000e-01 5.090413e-01 -1.682776e-07
3.400000e-01 4.817538e-01 -1.645263e-07
3.500000e-01 4.539903e-01 -1.890177e-07
3.600000e-01 4.257793e-01 -2.119014e-07
3.700000e-01 3.971480e-01 -2.157611e-07
3.800000e-01 3.681244e-01 -2.695757e-07
3.900000e-01 3.387381e-01 -2.739621e-07
4.000000e-01 3.090168e-01 -3.154776e-07
4.100000e-01 2.789911e-01 -3.515732e-07
4.200000e-01 2.486900e-01 -3.544591e-07
4.300000e-01 2.181431e-01 -4.173984e-07
4.400000e-01 1.873814e-01 -3.969409e-07
4.500000e-01 1.564344e-01 -4.123995e-07
4.600000e-01 1.253332e-01 -3.979829e-07
4.700000e-01 9.410845e-02 -3.145786e-07
4.800000e-01 6.279040e-02 -2.978478e-07
4.900000e-01 3.141086e-02 -1.307506e-07
5.000000e-01 1.061596e-08 -1.290462e-08
5.100000e-01 -3.141084e-02 1.071921e-07
5.200000e-01 -6.279038e-02 2.743707e-07
5.300000e-01 -9.410844e-02 2.813529e-07
5.400000e-01 -1.253332e-01 3.666246e-07
5.500000e-01 -1.564343e-01 3.751174e-07
5.600000e-01 -1.873814e-01 3.542944e-07
5.700000e-01 -2.181431e-01 3.783196e-07
5.800000e-01 -2.486900e-01 3.035697e-07
5.900000e-01 -2.789911e-01 3.060606e-07
6.000000e-01 -3.090168e-01 2.662500e-07
6.100000e-01 -3.387381e-01 2.206644e-07
6.200000e-01 -3.681244e-01 2.236407e-07
6.300000e-01 -3.971480e-01 1.583198e-07
6.400000e-01 -4.257793e-01 1.624170e-07
6.500000e-01 -4.539902e-01 1.371423e-07
6.600000e-01 -4.817538e-01 1.088804e-07
6.700000e-01 -5.090412e-01 1.216772e-07
6.800000e-01 -5.358269e-01 7.764740e-08
6.900000e-01 -5.620834e-01 8.998063e-08
7.000000e-01 -5.877849e-01 7.711881e-08
7.100000e-01 -6.129072e-01 5.944009e-08
7.200000e-01 -6.374238e-01 7.538899e-08
7.300000e-01 -6.613120e-01 4.237404e-08
7.400000e-01 -6.845471e-01 5.560243e-08
7.500000e-01 -7.071065e-01 4.745459e-08
7.600000e-01 -7.289688e-01 3.379604e-08
7.700000e-01 -7.501109e-01 4.859466e-08
7.800000e-01 -7.705134e-01 2.171615e-08
7.900000e-01 -7.901550e-01 3.338097e-08
8.000000e-01 -8.090167e-01 2.741941e-08
8.100000e-01 -8.270808e-01 1.598592e-08
8.200000e-01 -8.443277e-01 2.876694e-08
8.300000e-01 -8.607422e-01 6.601394e-09
8.400000e-01 -8.763067e-01 1.627697e-08
8.500000e-01 -8.910063e-01 1.175614e-08
8.600000e-01 -9.048272e-01 2.109996e-09
8.700000e-01 -9.177544e-01 1.260230e-08
8.800000e-01 -9.297767e-01 -5.268867e-09
8.900000e-01 -9.408807e-01 2.120823e-09
9.000000e-01 -9.510563e-01 -1.256735e-09
9.100000e-01 -9.602938e-01 -9.287119e-09
9.200000e-01 -9.685829e-01 -1.561240e-09
9.300000e-01 -9.759170e-01 -1.496665e-08
9.400000e-01 -9.822872e-01 -1.067848e-08
9.500000e-01 -9.876882e-01 -1.290650e-08
9.600000e-01 -9.921148e-01 -1.904631e-08
9.700000e-01 -9.955617e-01 -1.419360e-08
9.800000e-01 -9.980270e-01 -1.926686e-08
9.900000e-01 -9.995064e-01 -9.565074e-09
1.000000e+00 -1.000000e+00 -1.333438e-32
