# y u_x u_y
0.000000e+00 1.000000e+00 0.000000e+00
1.000000e-02 9.995066e-01 -1.160341e-09
2.000000e-02 9.980267e-01 -1.607452e-09
3.000000e-02 9.955620e-01 -1.809115e-09
4.000000e-02 9.921147e-01 -1.941794e-09
5.000000e-02 9.876883e-01 -2.117268e-09
6.000000e-02 9.822872e-01 -2.311558e-09
7.000000e-02 9.759168e-01 -2.436488e-09
8.000000e-02 9.685832e-01 -2.555745e-09
9.000000e-02 9.602937e-01 -2.705807e-09
1.000000e-01 9.510565e-01 -2.864577e-09
1.100000e-01 9.408808e-01 -3.010618e-09
1.200000e-01 9.297765e-01 -3.162698e-09
1.300000e-01 9.177546e-01 -3.360495e-09
1.400000e-01 9.048271e-01 -3.573776e-09
1.500000e-01 8.910065e-01 -3.688951e-09
1.600000e-01 8.763067e-01 -3.769880e-09
1.700000e-01 8.607420e-01 -3.980575e-09
1.800000e-01 8.443279e-01 -4.292583e-09
1.900000e-01 8.270806e-01 -4.588826e-09
2.000000e-01 8.090170e-01 -4.657003e-09
2.100000e-01 7.901550e-01 -4.678078e-09
2.200000e-01 7.705132e-01 -4.976271e-09
2.300000e-01 7.501111e-01 -5.435878e-09
2.400000e-01 7.289686e-01 -5.843292e-09
2.500000e-01 7.071068e-01 -5.883501e-09
2.600000e-01 6.845471e-01 -5.874236e-09
2.700000e-01 6.613119e-01 -6.306871e-09
2.800000e-01 6.374240e-01 -6.970705e-09
2.900000e-01 6.129070e-01 -7.553203e-09
3.000000e-01 5.877852e-01 -7.638961e-09
3.100000e-01 5.620834e-01 -7.702129e-09
3.200000e-01 5.358268e-01 -8.409790e-09
3.300000e-01 5.090414e-01 -9.461482e-09
3.400000e-01 4.817537e-01 -1.045540e-08
3.500000e-01 4.539905e-01 -1.088806e-08
3.600000e-01 4.257793e-01 -1.140478e-08
3.700000e-01 3.971479e-01 -1.283477e-08
3.800000e-01 3.681245e-01 -1.475511e-08
3.900000e-01 3.387379e-01 -1.661241e-08
4.000000e-01 3.090170e-01 -1.771447e-08
4.100000e-01 2.789911e-01 -1.872199e-08
4.200000e-01 2.486899e-01 -2.040530e-08
4.300000e-01 2.181432e-01 -2.199258e-08
4.400000e-01 1.873813e-01 -2.258270e-08
4.500000e-01 1.564345e-01 -2.119649e-08
4.600000e-01 1.253332e-01 -1.855088e-08
4.700000e-01 9.410832e-02 -1.561123e-08
4.800000e-01 6.279052e-02 -1.182530e-08
4.900000e-01 3.141075e-02 -6.767677e-09
5.000000e-01 9.803982e-10 -1.398780e-10
5.100000e-01 -3.141075e-02 6.449480e-09
5.200000e-01 -6.279051e-02 1.135010e-08
5.300000e-01 -9.410832e-02 1.484593e-08
5.400000e-01 -1.253332e-01 1.743274e-08
5.500000e-01 -1.564345e-01 1.980811e-08
5.600000e-01 -1.873813e-01 2.096940e-08
5.700000e-01 -2.181432e-01 2.006592e-08
5.800000e-01 -2.486899e-01 1.813132e-08
5.900000e-01 -2.789911e-01 1.618174e-08
6.000000e-01 -3.090170e-01 1.515940e-08
6.100000e-01 -3.387379e-01 1.410830e-08
6.200000e-01 -3.681245e-01 1.211859e-08
6.300000e-01 -3.971479e-01 9.987357e-09
6.400000e-01 -4.257793e-01 8.431067e-09
6.500000e-01 -4.539905e-01 8.086394e-09
6.600000e-01 -4.817537e-01 7.843067e-09
6.700000e-01 -5.090414e-01 6.749674e-09
6.800000e-01 -5.358268e-01 5.480961e-09
6.900000e-01 -5.620834e-01 4.655042e-09
7.000000e-01 -5.877852e-01 4.825323e-09
7.100000e-01 -6.129070e-01 4.967933e-09
7.200000e-01 -6.374240e-01 4.264743e-09
7.300000e-01 -6.613119e-01 3.351090e-09
7.400000e-01 -6.845471e-01 2.790720e-09
7.500000e-01 -7.071068e-01 3.068455e-09
7.600000e-01 -7.289686e-01 3.274928e-09
7.700000e-01 -7.501111e-01 2.728771e-09
7.800000e-01 -7.705133e-01 1.998979e-09
7.900000e-01 -7.901550e-01 1.570842e-09
8.000000e-01 -8.090170e-01 1.839948e-09
8.100000e-01 -8.270806e-01 2.022489e-09
8.200000e-01 -8.443279e-01 1.576548e-09
8.300000e-01 -8.607420e-01 9.896708e-10
8.400000e-01 -8.763067e-01 6.560489e-10
8.500000e-01 -8.910065e-01 8.703833e-10
8.600000e-01 -9.048270e-01 9.915113e-10
8.700000e-01 -9.177546e-01 6.256865e-10
8.800000e-01 -9.297765e-01 1.691506e-10
8.900000e-01 -9.408808e-01 -8.522053e-11
9.000000e-01 -9.510565e-01 4.511453e-11
9.100000e-01 -9.602937e-01 7.992555e-11
9.200000e-01 -9.685832e-01 -2.142070e-10
9.300000e-01 -9.759168e-01 -5.420928e-10
9.400000e-01 -9.822873e-01 -7.232544e-10
9.500000e-01 -9.876883e-01 -6.986525e-10
9.600000e-01 -9.921147e-01 -7.664681e-10
9.700000e-01 -9.955620e-01 -9.685872e-10
9.800000e-01 -9.980267e-01 -1.070156e-09
9.900000e-01 -9.995066e-01 -8.866285e-10
1.000000e+00 -1.000000e+00 -1.333439e-32
