# y u_x u_y
0.000000e+00 9.999191e-01 0.000000e+00
1.000000e-02 9.993681e-01 -4.068118e-06
2.000000e-02 9.978041e-01 -4.483923e-06
3.000000e-02 9.952340e-01 -1.573281e-06
4.000000e-02 9.916646e-01 4.337942e-06
5.000000e-02 9.871027e-01 1.292388e-05
6.000000e-02 9.815552e-01 2.385866e-05
7.000000e-02 9.750287e-01 3.681643e-05
8.000000e-02 9.675301e-01 5.147131e-05
9.000000e-02 9.590663e-01 6.749744e-05
1.000000e-01 9.496440e-01 8.456896e-05
1.100000e-01 9.392700e-01 1.023600e-04
1.200000e-01 9.279512e-01 1.205447e-04
1.300000e-01 9.156942e-01 1.387971e-04
1.400000e-01 9.025061e-01 1.567915e-04
1.500000e-01 8.883934e-01 1.742020e-04
1.600000e-01 8.733632e-01 1.907026e-04
1.700000e-01 8.574220e-01 2.059675e-04
1.800000e-01 8.405769e-01 2.196709e-04
1.900000e-01 8.228345e-01 2.314869e-04
2.000000e-01 8.042017e-01 2.410896e-04
2.100000e-01 7.859633e-01 2.342066e-04
2.200000e-01 7.669201e-01 2.296382e-04
2.300000e-01 7.470877e-01 2.270325e-04
2.400000e-01 7.264817e-01 2.260376e-04
2.500000e-01 7.051178e-01 2.263013e-04
2.600000e-01 6.830117e-01 2.274719e-04
2.700000e-01 6.601791e-01 2.291972e-04
2.800000e-01 6.366356e-01 2.311254e-04
2.900000e-01 6.123969e-01 2.329044e-04
3.000000e-01 5.874787e-01 2.341822e-04
3.100000e-01 5.618965e-01 2.346069e-04
3.200000e-01 5.356662e-01 2.338266e-04
3.300000e-01 5.088034e-01 2.314891e-04
3.400000e-01 4.813237e-01 2.272427e-04
3.500000e-01 4.532427e-01 2.207352e-04
3.600000e-01 4.245763e-01 2.116147e-04
3.700000e-01 3.953400e-01 1.995292e-04
3.800000e-01 3.655495e-01 1.841268e-04
3.900000e-01 3.352205e-01 1.650554e-04
4.000000e-01 3.043686e-01 1.419632e-04
4.100000e-01 2.744979e-01 1.050976e-04
4.200000e-01 2.444368e-01 7.501968e-05
4.300000e-01 2.142076e-01 5.105492e-05
4.400000e-01 1.838326e-01 3.252868e-05
4.500000e-01 1.533341e-01 1.876631e-05
4.600000e-01 1.227344e-01 9.093210e-06
4.700000e-01 9.205576e-02 2.834745e-06
4.800000e-01 6.132046e-02 -6.837050e-07
4.900000e-01 3.055081e-02 -2.136764e-06
5.000000e-01 -2.308983e-04 -2.199056e-06
5.100000e-01 -3.100238e-02 -1.545204e-06
5.200000e-01 -6.174135e-02 -8.498302e-07
5.300000e-01 -9.242551e-02 -7.875590e-07
5.400000e-01 -1.230326e-01 -2.033013e-06
5.500000e-01 -1.535402e-01 -5.260817e-06
5.600000e-01 -1.839262e-01 -1.114559e-05
5.700000e-01 -2.141682e-01 -2.036196e-05
5.800000e-01 -2.442440e-01 -3.358455e-05
5.900000e-01 -2.741312e-01 -5.148799e-05
6.000000e-01 -3.038076e-01 -7.474688e-05
6.100000e-01 -3.348973e-01 -1.073296e-04
6.200000e-01 -3.654252e-01 -1.351266e-04
6.300000e-01 -3.953780e-01 -1.584998e-04
6.400000e-01 -4.247423e-01 -1.778109e-04
6.500000e-01 -4.535049e-01 -1.934217e-04
6.600000e-01 -4.816523e-01 -2.056940e-04
6.700000e-01 -5.091713e-01 -2.149897e-04
6.800000e-01 -5.360486e-01 -2.216705e-04
6.900000e-01 -5.622708e-01 -2.260982e-04
7.000000e-01 -5.878245e-01 -2.286348e-04
7.100000e-01 -6.126965e-01 -2.296419e-04
7.200000e-01 -6.368734e-01 -2.294814e-04
7.300000e-01 -6.603419e-01 -2.285150e-04
7.400000e-01 -6.830887e-01 -2.271047e-04
7.500000e-01 -7.051004e-01 -2.256121e-04
7.600000e-01 -7.263637e-01 -2.243991e-04
7.700000e-01 -7.468653e-01 -2.238276e-04
7.800000e-01 -7.665918e-01 -2.242593e-04
7.900000e-01 -7.855299e-01 -2.260560e-04
8.000000e-01 -8.036663e-01 -2.295795e-04
8.100000e-01 -8.226368e-01 -2.348870e-04
8.200000e-01 -8.406337e-01 -2.358053e-04
8.300000e-01 -8.576585e-01 -2.327713e-04
8.400000e-01 -8.737129e-01 -2.262223e-04
8.500000e-01 -8.887985e-01 -2.165951e-04
8.600000e-01 -9.029169e-01 -2.043268e-04
8.700000e-01 -9.160697e-01 -1.898545e-04
8.800000e-01 -9.282586e-01 -1.736152e-04
8.900000e-01 -9.394850e-01 -1.560459e-04
9.000000e-01 -9.497507e-01 -1.375837e-04
9.100000e-01 -9.590573e-01 -1.186657e-04
9.200000e-01 -9.674062e-01 -9.972878e-05
9.300000e-01 -9.747993e-01 -8.121008e-05
9.400000e-01 -9.812380e-01 -6.354661e-05
9.500000e-01 -9.867239e-01 -4.717542e-05
9.600000e-01 -9.912588e-01 -3.253355e-05
9.700000e-01 -9.948441e-01 -2.005803e-05
9.800000e-01 -9.974816e-01 -1.018591e-05
9.900000e-01 -9.991727e-01 -3.354219e-06
1.000000e+00 -9.999191e-01 -4.622232e-33
