# y u_x u_y
0.000000e+00 1.000000e+00 0.000000e+00
1.000000e-02 9.995087e-01 -1.075834e-07
2.000000e-02 9.980271e-01 -2.926549e-07
3.000000e-02 9.955600e-01 -4.875205e-07
4.000000e-02 9.921125e-01 -6.244866e-07
5.000000e-02 9.876894e-01 -6.358593e-07
6.000000e-02 9.822876e-01 -6.768457e-07
7.000000e-02 9.759159e-01 -7.400793e-07
8.000000e-02 9.685818e-01 -8.076276e-07
9.000000e-02 9.602928e-01 -8.615576e-07
1.000000e-01 9.510563e-01 -8.839368e-07
1.100000e-01 9.408802e-01 -9.539127e-07
1.200000e-01 9.297757e-01 -1.002414e-06
1.300000e-01 9.177541e-01 -1.041504e-06
1.400000e-01 9.048268e-01 -1.083243e-06
1.500000e-01 8.910051e-01 -1.139693e-06
1.600000e-01 8.763056e-01 -1.219432e-06
1.700000e-01 8.607416e-01 -1.254156e-06
1.800000e-01 8.443282e-01 -1.276425e-06
1.900000e-01 8.270807e-01 -1.318795e-06
2.000000e-01 8.090145e-01 -1.413825e-06
2.100000e-01 7.901537e-01 -1.505472e-06
2.200000e-01 7.705132e-01 -1.526375e-06
2.300000e-01 7.501120e-01 -1.532628e-06
2.400000e-01 7.289690e-01 -1.580326e-06
2.500000e-01 7.071034e-01 -1.725563e-06
2.600000e-01 6.845456e-01 -1.854345e-06
2.700000e-01 6.613122e-01 -1.886278e-06
2.800000e-01 6.374254e-01 -1.909902e-06
2.900000e-01 6.129076e-01 -2.013758e-06
3.000000e-01 5.877810e-01 -2.286387e-06
3.100000e-01 5.620818e-01 -2.553647e-06
3.200000e-01 5.358276e-01 -2.690863e-06
3.300000e-01 5.090433e-01 -2.827265e-06
3.400000e-01 4.817542e-01 -3.092083e-06
3.500000e-01 4.539855e-01 -3.614545e-06
3.600000e-01 4.257778e-01 -4.116129e-06
3.700000e-01 3.971491e-01 -4.365503e-06
3.800000e-01 3.681269e-01 -4.557254e-06
3.900000e-01 3.387385e-01 -4.885971e-06
4.000000e-01 3.090113e-01 -5.546241e-06
4.100000e-01 2.789896e-01 -6.057373e-06
4.200000e-01 2.486915e-01 -6.016788e-06
4.300000e-01 2.181460e-01 -5.785865e-06
4.400000e-01 1.873821e-01 -5.725985e-06
4.500000e-01 1.564287e-01 -6.198529e-06
4.600000e-01 1.253312e-01 -6.238033e-06
4.700000e-01 9.410989e-02 -5.042967e-06
4.800000e-01 6.279450e-02 -3.315386e-06
4.900000e-01 3.141478e-02 -1.757344e-06
5.000000e-01 5.045952e-07 -1.070896e-06
5.100000e-01 -3.141476e-02 -2.793010e-07
5.200000e-01 -6.279485e-02 1.565372e-06
5.300000e-01 -9.411008e-02 3.619232e-06
5.400000e-01 -1.253308e-01 5.038384e-06
5.500000e-01 -1.564272e-01 4.978937e-06
5.600000e-01 -1.873822e-01 4.381286e-06
5.700000e-01 -2.181467e-01 4.505484e-06
5.800000e-01 -2.486919e-01 4.878879e-06
5.900000e-01 -2.789890e-01 5.028816e-06
6.000000e-01 -3.090092e-01 4.482642e-06
6.100000e-01 -3.387388e-01 3.704572e-06
6.200000e-01 -3.681279e-01 3.401843e-06
6.300000e-01 -3.971496e-01 3.294286e-06
6.400000e-01 -4.257769e-01 3.101734e-06
6.500000e-01 -4.539827e-01 2.544017e-06
6.600000e-01 -4.817547e-01 1.889926e-06
6.700000e-01 -5.090447e-01 1.631792e-06
6.800000e-01 -5.358282e-01 1.562935e-06
6.900000e-01 -5.620807e-01 1.476676e-06
7.000000e-01 -5.877776e-01 1.166336e-06
7.100000e-01 -6.129083e-01 7.701098e-07
7.200000e-01 -6.374272e-01 6.805319e-07
7.300000e-01 -6.613129e-01 7.336783e-07
7.400000e-01 -6.845441e-01 7.656242e-07
7.500000e-01 -7.070994e-01 6.124451e-07
7.600000e-01 -7.289700e-01 3.464157e-07
7.700000e-01 -7.501141e-01 3.165665e-07
7.800000e-01 -7.705139e-01 3.919212e-07
7.900000e-01 -7.901517e-01 4.415031e-07
8.000000e-01 -8.090099e-01 3.343358e-07
8.100000e-01 -8.270821e-01 1.121835e-07
8.200000e-01 -8.443307e-01 8.636533e-08
8.300000e-01 -8.607422e-01 1.483628e-07
8.400000e-01 -8.763031e-01 1.896574e-07
8.500000e-01 -8.909999e-01 1.017307e-07
8.600000e-01 -9.048288e-01 -8.801966e-08
8.700000e-01 -9.177571e-01 -1.105954e-07
8.800000e-01 -9.297761e-01 -5.833287e-08
8.900000e-01 -9.408769e-01 -2.356827e-08
9.000000e-01 -9.510506e-01 -9.863788e-08
9.100000e-01 -9.602958e-01 -2.447070e-07
9.200000e-01 -9.685853e-01 -2.526023e-07
9.300000e-01 -9.759156e-01 -2.022411e-07
9.400000e-01 -9.822831e-01 -1.735407e-07
9.500000e-01 -9.876840e-01 -2.464183e-07
9.600000e-01 -9.921172e-01 -3.368000e-07
9.700000e-01 -9.955634e-01 -2.911304e-07
9.800000e-01 -9.980246e-01 -1.756282e-07
9.900000e-01 -9.995028e-01 -5.651186e-08
1.000000e+00 -1.000000e+00 -1.333434e-32
