# y u_x u_y
0.000000e+00 1.000000e+00 0.000000e+00
1.000000e-02 9.995063e-01 -3.022409e-09
2.000000e-02 9.980263e-01 -5.975761e-09
3.000000e-02 9.955615e-01 -8.954660e-09
4.000000e-02 9.921143e-01 -1.197867e-08
5.000000e-02 9.876884e-01 -1.504482e-08
6.000000e-02 9.822871e-01 -1.812426e-08
7.000000e-02 9.759164e-01 -2.120113e-08
8.000000e-02 9.685827e-01 -2.424648e-08
9.000000e-02 9.602933e-01 -2.722984e-08
1.000000e-01 9.510566e-01 -3.012246e-08
1.100000e-01 9.408807e-01 -3.287706e-08
1.200000e-01 9.297762e-01 -3.549060e-08
1.300000e-01 9.177541e-01 -3.794557e-08
1.400000e-01 9.048266e-01 -4.022864e-08
1.500000e-01 8.910066e-01 -4.233029e-08
1.600000e-01 8.763067e-01 -4.421451e-08
1.700000e-01 8.607418e-01 -4.590332e-08
1.800000e-01 8.443274e-01 -4.739427e-08
1.900000e-01 8.270801e-01 -4.868597e-08
2.000000e-01 8.090171e-01 -4.977779e-08
2.100000e-01 7.901551e-01 -5.063576e-08
2.200000e-01 7.705131e-01 -5.129207e-08
2.300000e-01 7.501106e-01 -5.174733e-08
2.400000e-01 7.289681e-01 -5.200210e-08
2.500000e-01 7.071069e-01 -5.205714e-08
2.600000e-01 6.845473e-01 -5.187858e-08
2.700000e-01 6.613118e-01 -5.150259e-08
2.800000e-01 6.374235e-01 -5.093121e-08
2.900000e-01 6.129065e-01 -5.016678e-08
3.000000e-01 5.877854e-01 -4.921215e-08
3.100000e-01 5.620836e-01 -4.803806e-08
3.200000e-01 5.358268e-01 -4.668277e-08
3.300000e-01 5.090410e-01 -4.515119e-08
3.400000e-01 4.817531e-01 -4.344877e-08
3.500000e-01 4.539906e-01 -4.158153e-08
3.600000e-01 4.257796e-01 -3.952869e-08
3.700000e-01 3.971479e-01 -3.732778e-08
3.800000e-01 3.681241e-01 -3.498680e-08
3.900000e-01 3.387374e-01 -3.251419e-08
4.000000e-01 3.090171e-01 -2.991886e-08
4.100000e-01 2.789915e-01 -2.719056e-08
4.200000e-01 2.486900e-01 -2.436256e-08
4.300000e-01 2.181429e-01 -2.144515e-08
4.400000e-01 1.873808e-01 -1.844885e-08
4.500000e-01 1.564346e-01 -1.538447e-08
4.600000e-01 1.253337e-01 -1.225311e-08
4.700000e-01 9.410847e-02 -9.080517e-09
4.800000e-01 6.279021e-02 -5.878129e-09
4.900000e-01 3.141028e-02 -2.657461e-09
5.000000e-01 1.061600e-07 5.699314e-10
5.100000e-01 -3.141027e-02 3.791846e-09
5.200000e-01 -6.279030e-02 6.992547e-09
5.300000e-01 -9.410856e-02 1.016057e-08
5.400000e-01 -1.253337e-01 1.328459e-08
5.500000e-01 -1.564344e-01 1.635341e-08
5.600000e-01 -1.873808e-01 1.934504e-08
5.700000e-01 -2.181430e-01 2.225519e-08
5.800000e-01 -2.486901e-01 2.507348e-08
5.900000e-01 -2.789915e-01 2.778984e-08
6.000000e-01 -3.090169e-01 3.039451e-08
6.100000e-01 -3.387374e-01 3.285792e-08
6.200000e-01 -3.681242e-01 3.518746e-08
6.300000e-01 -3.971480e-01 3.737478e-08
6.400000e-01 -4.257796e-01 3.941194e-08
6.500000e-01 -4.539904e-01 4.129143e-08
6.600000e-01 -4.817531e-01 4.297892e-08
6.700000e-01 -5.090411e-01 4.449250e-08
6.800000e-01 -5.358268e-01 4.582644e-08
6.900000e-01 -5.620836e-01 4.697551e-08
7.000000e-01 -5.877852e-01 4.793496e-08
7.100000e-01 -6.129065e-01 4.866900e-08
7.200000e-01 -6.374236e-01 4.920443e-08
7.300000e-01 -6.613118e-01 4.953872e-08
7.400000e-01 -6.845473e-01 4.966999e-08
7.500000e-01 -7.071068e-01 4.959715e-08
7.600000e-01 -7.289681e-01 4.928720e-08
7.700000e-01 -7.501106e-01 4.877401e-08
7.800000e-01 -7.705131e-01 4.805994e-08
7.900000e-01 -7.901551e-01 4.714876e-08
8.000000e-01 -8.090170e-01 4.604572e-08
8.100000e-01 -8.270801e-01 4.472699e-08
8.200000e-01 -8.443275e-01 4.323351e-08
8.300000e-01 -8.607418e-01 4.157622e-08
8.400000e-01 -8.763067e-01 3.976806e-08
8.500000e-01 -8.910065e-01 3.782376e-08
8.600000e-01 -9.048266e-01 3.573374e-08
8.700000e-01 -9.177542e-01 3.354335e-08
8.800000e-01 -9.297762e-01 3.127060e-08
8.900000e-01 -9.408807e-01 2.893322e-08
9.000000e-01 -9.510565e-01 2.654723e-08
9.100000e-01 -9.602933e-01 2.410850e-08
9.200000e-01 -9.685827e-01 2.164840e-08
9.300000e-01 -9.759164e-01 1.917190e-08
9.400000e-01 -9.822871e-01 1.667686e-08
9.500000e-01 -9.876884e-01 1.415204e-08
9.600000e-01 -9.921144e-01 1.157019e-08
9.700000e-01 -9.955615e-01 8.914109e-09
9.800000e-01 -9.980263e-01 6.141970e-09
9.900000e-01 -9.995063e-01 3.201421e-09
1.000000e+00 -1.000000e+00 -1.333164e-32
