# y u_x u_y
0.000000e+00 1.000000e+00 0.000000e+00
1.000000e-02 9.988640e-01 6.848238e-06
2.000000e-02 9.968985e-01 1.213406e-05
3.000000e-02 9.941035e-01 1.585747e-05
4.000000e-02 9.904790e-01 1.801846e-05
5.000000e-02 9.860249e-01 1.861703e-05
6.000000e-02 9.807413e-01 1.765319e-05
7.000000e-02 9.746282e-01 1.512693e-05
8.000000e-02 9.676855e-01 1.103825e-05
9.000000e-02 9.599133e-01 5.387160e-06
1.000000e-01 9.513116e-01 -1.826348e-06
1.100000e-01 9.404313e-01 -1.289165e-05
1.200000e-01 9.288123e-01 -2.059819e-05
1.300000e-01 9.164544e-01 -2.494595e-05
1.400000e-01 9.033577e-01 -2.593495e-05
1.500000e-01 8.895223e-01 -2.356517e-05
1.600000e-01 8.749479e-01 -1.783662e-05
1.700000e-01 8.596348e-01 -8.749297e-06
1.800000e-01 8.435829e-01 3.696795e-06
1.900000e-01 8.267921e-01 1.950166e-05
2.000000e-01 8.092626e-01 3.866529e-05
2.100000e-01 7.898707e-01 3.481751e-05
2.200000e-01 7.698710e-01 3.185443e-05
2.300000e-01 7.492635e-01 2.977604e-05
2.400000e-01 7.280482e-01 2.858234e-05
2.500000e-01 7.062251e-01 2.827333e-05
2.600000e-01 6.837941e-01 2.884902e-05
2.700000e-01 6.607553e-01 3.030940e-05
2.800000e-01 6.371087e-01 3.265447e-05
2.900000e-01 6.128542e-01 3.588424e-05
3.000000e-01 5.879919e-01 3.999869e-05
3.100000e-01 5.618180e-01 4.789658e-05
3.200000e-01 5.352697e-01 5.240042e-05
3.300000e-01 5.083471e-01 5.351021e-05
3.400000e-01 4.810502e-01 5.122597e-05
3.500000e-01 4.533790e-01 4.554768e-05
3.600000e-01 4.253335e-01 3.647534e-05
3.700000e-01 3.969137e-01 2.400897e-05
3.800000e-01 3.681196e-01 8.148545e-06
3.900000e-01 3.389511e-01 -1.110592e-05
4.000000e-01 3.094084e-01 -3.375443e-05
4.100000e-01 2.789148e-01 -4.059004e-05
4.200000e-01 2.483303e-01 -4.582174e-05
4.300000e-01 2.176549e-01 -4.944953e-05
4.400000e-01 1.868885e-01 -5.147340e-05
4.500000e-01 1.560313e-01 -5.189337e-05
4.600000e-01 1.250831e-01 -5.070942e-05
4.700000e-01 9.404399e-02 -4.792156e-05
4.800000e-01 6.291398e-02 -4.352979e-05
4.900000e-01 3.169305e-02 -3.753410e-05
5.000000e-01 3.812075e-04 -2.993451e-05
5.100000e-01 -3.132435e-02 -2.503515e-05
5.200000e-01 -6.285474e-02 -2.026698e-05
5.300000e-01 -9.420998e-02 -1.562999e-05
5.400000e-01 -1.253900e-01 -1.112419e-05
5.500000e-01 -1.563950e-01 -6.749570e-06
5.600000e-01 -1.872247e-01 -2.506137e-06
5.700000e-01 -2.178793e-01 1.606111e-06
5.800000e-01 -2.483587e-01 5.587174e-06
5.900000e-01 -2.786630e-01 9.437053e-06
6.000000e-01 -3.087921e-01 1.315575e-05
6.100000e-01 -3.385938e-01 1.676836e-05
6.200000e-01 -3.679717e-01 2.033091e-05
6.300000e-01 -3.969258e-01 2.384339e-05
6.400000e-01 -4.254561e-01 2.730580e-05
6.500000e-01 -4.535626e-01 3.071814e-05
6.600000e-01 -4.812453e-01 3.408042e-05
6.700000e-01 -5.085041e-01 3.739262e-05
6.800000e-01 -5.353392e-01 4.065476e-05
6.900000e-01 -5.617504e-01 4.386683e-05
7.000000e-01 -5.877379e-01 4.702883e-05
7.100000e-01 -6.127067e-01 5.033031e-05
7.200000e-01 -6.370453e-01 5.309408e-05
7.300000e-01 -6.607537e-01 5.532012e-05
7.400000e-01 -6.838317e-01 5.700845e-05
7.500000e-01 -7.062795e-01 5.815906e-05
7.600000e-01 -7.280970e-01 5.877195e-05
7.700000e-01 -7.492843e-01 5.884712e-05
7.800000e-01 -7.698413e-01 5.838458e-05
7.900000e-01 -7.897680e-01 5.738431e-05
8.000000e-01 -8.090644e-01 5.584633e-05
8.100000e-01 -8.267566e-01 5.462474e-05
8.200000e-01 -8.436746e-01 5.289500e-05
8.300000e-01 -8.598184e-01 5.065712e-05
8.400000e-01 -8.751880e-01 4.791111e-05
8.500000e-01 -8.897833e-01 4.465695e-05
8.600000e-01 -9.036044e-01 4.089465e-05
8.700000e-01 -9.166514e-01 3.662422e-05
8.800000e-01 -9.289240e-01 3.184564e-05
8.900000e-01 -9.404225e-01 2.655892e-05
9.000000e-01 -9.511468e-01 2.076406e-05
9.100000e-01 -9.598383e-01 1.669992e-05
9.200000e-01 -9.676841e-01 1.307750e-05
9.300000e-01 -9.746840e-01 9.896800e-06
9.400000e-01 -9.808380e-01 7.157816e-06
9.500000e-01 -9.861463e-01 4.860551e-06
9.600000e-01 -9.906087e-01 3.005004e-06
9.700000e-01 -9.942253e-01 1.591176e-06
9.800000e-01 -9.969960e-01 6.190654e-07
9.900000e-01 -9.989209e-01 8.867352e-08
1.000000e+00 -1.000000e+00 -1.316024e-32
