# y u_x u_y
0.000000e+00 1.000000e+00 0.000000e+00
1.000000e-02 9.969332e-01 -6.459764e-05
2.000000e-02 9.932462e-01 -1.422955e-04
3.000000e-02 9.889390e-01 -2.330935e-04
4.000000e-02 9.840116e-01 -3.369916e-04
5.000000e-02 9.784640e-01 -4.539900e-04
6.000000e-02 9.722962e-01 -5.840886e-04
7.000000e-02 9.655082e-01 -7.272873e-04
8.000000e-02 9.581001e-01 -8.835862e-04
9.000000e-02 9.500717e-01 -1.052985e-03
1.000000e-01 9.414231e-01 -1.235485e-03
1.100000e-01 9.306905e-01 -1.335126e-03
1.200000e-01 9.192811e-01 -1.432708e-03
1.300000e-01 9.071948e-01 -1.528229e-03
1.400000e-01 8.944318e-01 -1.621691e-03
1.500000e-01 8.809919e-01 -1.713093e-03
1.600000e-01 8.668753e-01 -1.802434e-03
1.700000e-01 8.520818e-01 -1.889716e-03
1.800000e-01 8.366116e-01 -1.974938e-03
1.900000e-01 8.204645e-01 -2.058100e-03
2.000000e-01 8.036406e-01 -2.139201e-03
2.100000e-01 7.841232e-01 -2.237721e-03
2.200000e-01 7.640857e-01 -2.309536e-03
2.300000e-01 7.435281e-01 -2.354646e-03
2.400000e-01 7.224505e-01 -2.373051e-03
2.500000e-01 7.008527e-01 -2.364750e-03
2.600000e-01 6.787348e-01 -2.329745e-03
2.700000e-01 6.560968e-01 -2.268034e-03
2.800000e-01 6.329387e-01 -2.179618e-03
2.900000e-01 6.092606e-01 -2.064496e-03
3.000000e-01 5.850623e-01 -1.922670e-03
3.100000e-01 5.588362e-01 -1.761081e-03
3.200000e-01 5.322806e-01 -1.621810e-03
3.300000e-01 5.053955e-01 -1.504857e-03
3.400000e-01 4.781810e-01 -1.410222e-03
3.500000e-01 4.506370e-01 -1.337905e-03
3.600000e-01 4.227635e-01 -1.287905e-03
3.700000e-01 3.945606e-01 -1.260224e-03
3.800000e-01 3.660282e-01 -1.254861e-03
3.900000e-01 3.371663e-01 -1.271816e-03
4.000000e-01 3.079750e-01 -1.311088e-03
4.100000e-01 2.776221e-01 -1.384139e-03
4.200000e-01 2.472045e-01 -1.440061e-03
4.300000e-01 2.167221e-01 -1.478855e-03
4.400000e-01 1.861749e-01 -1.500521e-03
4.500000e-01 1.555629e-01 -1.505059e-03
4.600000e-01 1.248861e-01 -1.492468e-03
4.700000e-01 9.414457e-02 -1.462750e-03
4.800000e-01 6.333822e-02 -1.415903e-03
4.900000e-01 3.246709e-02 -1.351929e-03
5.000000e-01 1.531169e-03 -1.270826e-03
5.100000e-01 -3.031379e-02 -1.156661e-03
5.200000e-01 -6.199045e-02 -1.044781e-03
5.300000e-01 -9.349881e-02 -9.351844e-04
5.400000e-01 -1.248389e-01 -8.278719e-04
5.500000e-01 -1.560106e-01 -7.228435e-04
5.600000e-01 -1.870141e-01 -6.200991e-04
5.700000e-01 -2.178492e-01 -5.196387e-04
5.800000e-01 -2.485161e-01 -4.214623e-04
5.900000e-01 -2.790146e-01 -3.255700e-04
6.000000e-01 -3.093448e-01 -2.319617e-04
6.100000e-01 -3.387526e-01 -1.664481e-04
6.200000e-01 -3.677003e-01 -1.084750e-04
6.300000e-01 -3.961880e-01 -5.804234e-05
6.400000e-01 -4.242157e-01 -1.515018e-05
6.500000e-01 -4.517834e-01 2.020151e-05
6.600000e-01 -4.788911e-01 4.801272e-05
6.700000e-01 -5.055388e-01 6.828346e-05
6.800000e-01 -5.317265e-01 8.101372e-05
6.900000e-01 -5.574541e-01 8.620350e-05
7.000000e-01 -5.827218e-01 8.385281e-05
7.100000e-01 -6.075294e-01 7.396163e-05
7.200000e-01 -6.318771e-01 5.652999e-05
7.300000e-01 -6.557647e-01 3.155786e-05
7.400000e-01 -6.791923e-01 -9.547373e-07
7.500000e-01 -7.021599e-01 -4.100781e-05
7.600000e-01 -7.246675e-01 -8.860137e-05
7.700000e-01 -7.467151e-01 -1.437354e-04
7.800000e-01 -7.683027e-01 -2.064099e-04
7.900000e-01 -7.894303e-01 -2.766249e-04
8.000000e-01 -8.100979e-01 -3.543803e-04
8.100000e-01 -8.254982e-01 -3.527651e-04
8.200000e-01 -8.402769e-01 -3.494547e-04
8.300000e-01 -8.544339e-01 -3.444492e-04
8.400000e-01 -8.679694e-01 -3.377485e-04
8.500000e-01 -8.808833e-01 -3.293528e-04
8.600000e-01 -8.931756e-01 -3.192618e-04
8.700000e-01 -9.048463e-01 -3.074758e-04
8.800000e-01 -9.158954e-01 -2.939946e-04
8.900000e-01 -9.263229e-01 -2.788183e-04
9.000000e-01 -9.361288e-01 -2.619468e-04
9.100000e-01 -9.453131e-01 -2.433802e-04
9.200000e-01 -9.538758e-01 -2.231185e-04
9.300000e-01 -9.618169e-01 -2.011617e-04
9.400000e-01 -9.691365e-01 -1.775097e-04
9.500000e-01 -9.758344e-01 -1.521626e-04
9.600000e-01 -9.819107e-01 -1.251203e-04
9.700000e-01 -9.873654e-01 -9.638295e-05
9.800000e-01 -9.921985e-01 -6.595043e-05
9.900000e-01 -9.964101e-01 -3.382278e-05
1.000000e+00 -1.000000e+00 -1.788546e-32
