# y u_x u_y
0.000000e+00 -6.329659e-02 -1.628048e-13
1.000000e-02 -1.515387e-01 1.120133e-03
2.000000e-02 -2.314324e-01 3.444889e-03
3.000000e-02 -3.029777e-01 6.974270e-03
4.000000e-02 -3.050534e-01 1.015834e-02
5.000000e-02 -2.943398e-01 1.181065e-02
6.000000e-02 -2.798547e-01 1.198496e-02
7.000000e-02 -2.705683e-01 1.128151e-02
8.000000e-02 -2.631489e-01 1.097561e-02
9.000000e-02 -2.549847e-01 1.110651e-02
1.000000e-01 -2.458145e-01 1.152215e-02
1.100000e-01 -2.361443e-01 1.173131e-02
1.200000e-01 -2.262235e-01 1.169782e-02
1.300000e-01 -2.186286e-01 1.148709e-02
1.400000e-01 -2.134827e-01 1.139256e-02
1.500000e-01 -2.082507e-01 1.144666e-02
1.600000e-01 -2.023799e-01 1.162804e-02
1.700000e-01 -1.954932e-01 1.175194e-02
1.800000e-01 -1.885079e-01 1.177646e-02
1.900000e-01 -1.816867e-01 1.170774e-02
2.000000e-01 -1.756132e-01 1.165939e-02
2.100000e-01 -1.695335e-01 1.167373e-02
2.200000e-01 -1.634322e-01 1.175021e-02
2.300000e-01 -1.572035e-01 1.183877e-02
2.400000e-01 -1.509472e-01 1.190696e-02
2.500000e-01 -1.446632e-01 1.195479e-02
2.600000e-01 -1.387604e-01 1.200631e-02
2.700000e-01 -1.328811e-01 1.208545e-02
2.800000e-01 -1.270254e-01 1.219220e-02
2.900000e-01 -1.211132e-01 1.231577e-02
3.000000e-01 -1.151981e-01 1.243671e-02
3.100000e-01 -1.092904e-01 1.255465e-02
3.200000e-01 -1.034704e-01 1.267635e-02
3.300000e-01 -9.770978e-02 1.281990e-02
3.400000e-01 -9.198562e-02 1.298628e-02
3.500000e-01 -8.625238e-02 1.317302e-02
3.600000e-01 -8.051527e-02 1.336855e-02
3.700000e-01 -7.479857e-02 1.357147e-02
3.800000e-01 -6.910232e-02 1.378311e-02
3.900000e-01 -6.342992e-02 1.401223e-02
4.000000e-01 -5.778246e-02 1.426041e-02
4.100000e-01 -5.214621e-02 1.452726e-02
4.200000e-01 -4.650128e-02 1.480640e-02
4.300000e-01 -4.086574e-02 1.509570e-02
4.400000e-01 -3.523569e-02 1.539531e-02
4.500000e-01 -2.960235e-02 1.570860e-02
4.600000e-01 -2.397676e-02 1.603710e-02
4.700000e-01 -1.835719e-02 1.638080e-02
4.800000e-01 -1.272663e-02 1.673761e-02
4.900000e-01 -7.091920e-03 1.710590e-02
5.000000e-01 -1.453062e-03 1.748567e-02
5.100000e-01 4.210662e-03 1.787668e-02
5.200000e-01 9.881691e-03 1.827886e-02
5.300000e-01 1.556002e-02 1.869221e-02
5.400000e-01 2.126005e-02 1.911599e-02
5.500000e-01 2.697993e-02 1.954908e-02
5.600000e-01 3.271829e-02 1.999146e-02
5.700000e-01 3.849386e-02 2.044224e-02
5.800000e-01 4.429659e-02 2.089913e-02
5.900000e-01 5.012059e-02 2.136201e-02
6.000000e-01 5.598251e-02 2.183010e-02
6.100000e-01 6.188534e-02 2.230089e-02
6.200000e-01 6.782134e-02 2.277420e-02
6.300000e-01 7.380969e-02 2.324931e-02
6.400000e-01 7.984966e-02 2.372101e-02
6.500000e-01 8.592177e-02 2.418829e-02
6.600000e-01 9.204728e-02 2.465068e-02
6.700000e-01 9.825066e-02 2.510448e-02
6.800000e-01 1.045012e-01 2.554890e-02
6.900000e-01 1.108159e-01 2.598371e-02
7.000000e-01 1.172230e-01 2.640074e-02
7.100000e-01 1.236681e-01 2.679602e-02
7.200000e-01 1.301654e-01 2.716941e-02
7.300000e-01 1.368152e-01 2.751712e-02
7.400000e-01 1.435326e-01 2.783786e-02
7.500000e-01 1.503176e-01 2.813165e-02
7.600000e-01 1.572605e-01 2.838923e-02
7.700000e-01 1.642293e-01 2.859789e-02
7.800000e-01 1.712240e-01 2.875763e-02
7.900000e-01 1.784233e-01 2.886572e-02
8.000000e-01 1.857530e-01 2.892340e-02
8.100000e-01 1.931929e-01 2.893099e-02
8.200000e-01 2.008039e-01 2.888348e-02
8.300000e-01 2.084310e-01 2.875677e-02
8.400000e-01 2.160375e-01 2.854859e-02
8.500000e-01 2.243649e-01 2.826688e-02
8.600000e-01 2.332200e-01 2.795695e-02
8.700000e-01 2.421815e-01 2.762523e-02
8.800000e-01 2.513154e-01 2.725343e-02
8.900000e-01 2.599811e-01 2.667186e-02
9.000000e-01 2.678990e-01 2.584225e-02
9.100000e-01 2.741116e-01 2.477316e-02
9.200000e-01 2.774102e-01 2.356307e-02
9.300000e-01 2.791312e-01 2.223983e-02
9.400000e-01 2.752155e-01 2.074674e-02
9.500000e-01 2.718243e-01 1.832539e-02
9.600000e-01 2.897026e-01 1.475893e-02
9.700000e-01 3.054467e-01 9.967468e-03
9.800000e-01 2.999766e-01 5.026334e-03
9.900000e-01 5.314943e-01 1.703844e-03
1.000000e+00 1.000000e+00 0.000000e+00
