# y u_x u_y
0.000000e+00 -6.329659e-02 -1.628048e-13
1.000000e-02 -2.259198e-01 3.263096e-03
2.000000e-02 -3.199355e-01 1.071825e-02
3.000000e-02 -3.456798e-01 1.432172e-02
4.000000e-02 -3.481025e-01 1.465585e-02
5.000000e-02 -3.408512e-01 1.484397e-02
6.000000e-02 -3.290712e-01 1.472325e-02
7.000000e-02 -3.172771e-01 1.429281e-02
8.000000e-02 -3.052097e-01 1.378352e-02
9.000000e-02 -2.917089e-01 1.321033e-02
1.000000e-01 -2.816190e-01 1.260450e-02
1.100000e-01 -2.738078e-01 1.202080e-02
1.200000e-01 -2.655547e-01 1.145603e-02
1.300000e-01 -2.583168e-01 1.093763e-02
1.400000e-01 -2.522067e-01 1.060968e-02
1.500000e-01 -2.458048e-01 1.049273e-02
1.600000e-01 -2.388282e-01 1.056089e-02
1.700000e-01 -2.311261e-01 1.057557e-02
1.800000e-01 -2.231870e-01 1.047936e-02
1.900000e-01 -2.154294e-01 1.027737e-02
2.000000e-01 -2.087878e-01 1.006290e-02
2.100000e-01 -2.020653e-01 9.870533e-03
2.200000e-01 -1.952686e-01 9.701306e-03
2.300000e-01 -1.884068e-01 9.583140e-03
2.400000e-01 -1.814091e-01 9.525511e-03
2.500000e-01 -1.742756e-01 9.528418e-03
2.600000e-01 -1.675077e-01 9.587646e-03
2.700000e-01 -1.607698e-01 9.708450e-03
2.800000e-01 -1.540619e-01 9.890828e-03
2.900000e-01 -1.472929e-01 1.011361e-02
3.000000e-01 -1.405849e-01 1.034936e-02
3.100000e-01 -1.339539e-01 1.059806e-02
3.200000e-01 -1.272052e-01 1.086042e-02
3.300000e-01 -1.204397e-01 1.113373e-02
3.400000e-01 -1.137181e-01 1.141741e-02
3.500000e-01 -1.070567e-01 1.171591e-02
3.600000e-01 -1.004404e-01 1.204067e-02
3.700000e-01 -9.385744e-02 1.239205e-02
3.800000e-01 -8.719668e-02 1.276749e-02
3.900000e-01 -8.048169e-02 1.315668e-02
4.000000e-01 -7.383151e-02 1.355875e-02
4.100000e-01 -6.719215e-02 1.397485e-02
4.200000e-01 -6.051921e-02 1.441406e-02
4.300000e-01 -5.389883e-02 1.487824e-02
4.400000e-01 -4.728504e-02 1.536685e-02
4.500000e-01 -4.057294e-02 1.587038e-02
4.600000e-01 -3.389270e-02 1.638533e-02
4.700000e-01 -2.723343e-02 1.691172e-02
4.800000e-01 -2.051467e-02 1.745117e-02
4.900000e-01 -1.380108e-02 1.800453e-02
5.000000e-01 -7.092640e-03 1.857180e-02
5.100000e-01 -3.248206e-04 1.915164e-02
5.200000e-01 6.450200e-03 1.974298e-02
5.300000e-01 1.323242e-02 2.034582e-02
5.400000e-01 2.005097e-02 2.095887e-02
5.500000e-01 2.689495e-02 2.157922e-02
5.600000e-01 3.376115e-02 2.220678e-02
5.700000e-01 4.067936e-02 2.284085e-02
5.800000e-01 4.763180e-02 2.347907e-02
5.900000e-01 5.460885e-02 2.412126e-02
6.000000e-01 6.163154e-02 2.476635e-02
6.100000e-01 6.870503e-02 2.541038e-02
6.200000e-01 7.581982e-02 2.605295e-02
6.300000e-01 8.299100e-02 2.669321e-02
6.400000e-01 9.022395e-02 2.732506e-02
6.500000e-01 9.750536e-02 2.794731e-02
6.600000e-01 1.048493e-01 2.855952e-02
6.700000e-01 1.122707e-01 2.915597e-02
6.800000e-01 1.197483e-01 2.973499e-02
6.900000e-01 1.273012e-01 3.029642e-02
7.000000e-01 1.349638e-01 3.083383e-02
7.100000e-01 1.426767e-01 3.134390e-02
7.200000e-01 1.504541e-01 3.182653e-02
7.300000e-01 1.583866e-01 3.227416e-02
7.400000e-01 1.663767e-01 3.268185e-02
7.500000e-01 1.744243e-01 3.304961e-02
7.600000e-01 1.827393e-01 3.336520e-02
7.700000e-01 1.910850e-01 3.361377e-02
7.800000e-01 1.994615e-01 3.379533e-02
7.900000e-01 2.081308e-01 3.391125e-02
8.000000e-01 2.168589e-01 3.396328e-02
8.100000e-01 2.256077e-01 3.395142e-02
8.200000e-01 2.347746e-01 3.386954e-02
8.300000e-01 2.439407e-01 3.369139e-02
8.400000e-01 2.529515e-01 3.341470e-02
8.500000e-01 2.626134e-01 3.304041e-02
8.600000e-01 2.725068e-01 3.256963e-02
8.700000e-01 2.821253e-01 3.200213e-02
8.800000e-01 2.931781e-01 3.134216e-02
8.900000e-01 3.050254e-01 3.058851e-02
9.000000e-01 3.157450e-01 2.973651e-02
9.100000e-01 3.258240e-01 2.876179e-02
9.200000e-01 3.349404e-01 2.746970e-02
9.300000e-01 3.413293e-01 2.585944e-02
9.400000e-01 3.443903e-01 2.398224e-02
9.500000e-01 3.429859e-01 2.166827e-02
9.600000e-01 3.346890e-01 1.885375e-02
9.700000e-01 3.273015e-01 1.535448e-02
9.800000e-01 3.729830e-01 1.014081e-02
9.900000e-01 5.339107e-01 3.345808e-03
1.000000e+00 1.000000e+00 0.000000e+00
