# y u_x u_y
0.000000e+00 1.000000e+00 0.000000e+00
1.000000e-02 9.995065e-01 -6.353450e-10
2.000000e-02 9.980267e-01 -1.668036e-09
3.000000e-02 9.955620e-01 -2.175518e-09
4.000000e-02 9.921147e-01 -2.592724e-09
5.000000e-02 9.876883e-01 -2.925419e-09
6.000000e-02 9.822872e-01 -3.206303e-09
7.000000e-02 9.759168e-01 -3.432088e-09
8.000000e-02 9.685832e-01 -3.642293e-09
9.000000e-02 9.602937e-01 -3.829099e-09
1.000000e-01 9.510565e-01 -3.970988e-09
1.100000e-01 9.408808e-01 -4.152841e-09
1.200000e-01 9.297765e-01 -4.273518e-09
1.300000e-01 9.177546e-01 -4.409456e-09
1.400000e-01 9.048270e-01 -4.522041e-09
1.500000e-01 8.910065e-01 -4.587339e-09
1.600000e-01 8.763067e-01 -4.713302e-09
1.700000e-01 8.607420e-01 -4.757521e-09
1.800000e-01 8.443279e-01 -4.835847e-09
1.900000e-01 8.270806e-01 -4.873808e-09
2.000000e-01 8.090170e-01 -4.866409e-09
2.100000e-01 7.901550e-01 -4.930263e-09
2.200000e-01 7.705133e-01 -4.891517e-09
2.300000e-01 7.501111e-01 -4.910965e-09
2.400000e-01 7.289686e-01 -4.865621e-09
2.500000e-01 7.071068e-01 -4.786349e-09
2.600000e-01 6.845471e-01 -4.781422e-09
2.700000e-01 6.613119e-01 -4.656807e-09
2.800000e-01 6.374240e-01 -4.618771e-09
2.900000e-01 6.129071e-01 -4.487430e-09
3.000000e-01 5.877853e-01 -4.342666e-09
3.100000e-01 5.620834e-01 -4.268083e-09
3.200000e-01 5.358268e-01 -4.062608e-09
3.300000e-01 5.090414e-01 -3.974010e-09
3.400000e-01 4.817537e-01 -3.762652e-09
3.500000e-01 4.539905e-01 -3.565748e-09
3.600000e-01 4.257793e-01 -3.428328e-09
3.700000e-01 3.971479e-01 -3.156038e-09
3.800000e-01 3.681246e-01 -3.030116e-09
3.900000e-01 3.387379e-01 -2.754122e-09
4.000000e-01 3.090170e-01 -2.525271e-09
4.100000e-01 2.789911e-01 -2.339876e-09
4.200000e-01 2.486899e-01 -2.023342e-09
4.300000e-01 2.181432e-01 -1.879054e-09
4.400000e-01 1.873813e-01 -1.562218e-09
4.500000e-01 1.564345e-01 -1.326827e-09
4.600000e-01 1.253332e-01 -1.115063e-09
4.700000e-01 9.410835e-02 -7.831397e-10
4.800000e-01 6.279052e-02 -6.430936e-10
4.900000e-01 3.141078e-02 -3.148999e-10
5.000000e-01 1.654919e-08 -1.005312e-10
5.100000e-01 -3.141075e-02 1.121186e-10
5.200000e-01 -6.279049e-02 4.280022e-10
5.300000e-01 -9.410832e-02 5.408014e-10
5.400000e-01 -1.253332e-01 8.492272e-10
5.500000e-01 -1.564344e-01 1.016804e-09
5.600000e-01 -1.873813e-01 1.204812e-09
5.700000e-01 -2.181432e-01 1.475118e-09
5.800000e-01 -2.486899e-01 1.540937e-09
5.900000e-01 -2.789911e-01 1.801282e-09
6.000000e-01 -3.090170e-01 1.901997e-09
6.100000e-01 -3.387379e-01 2.043624e-09
6.200000e-01 -3.681245e-01 2.244841e-09
6.300000e-01 -3.971479e-01 2.250299e-09
6.400000e-01 -4.257793e-01 2.440848e-09
6.500000e-01 -4.539905e-01 2.463174e-09
6.600000e-01 -4.817537e-01 2.543307e-09
6.700000e-01 -5.090414e-01 2.660791e-09
6.800000e-01 -5.358268e-01 2.600532e-09
6.900000e-01 -5.620833e-01 2.708472e-09
7.000000e-01 -5.877852e-01 2.650548e-09
7.100000e-01 -6.129070e-01 2.661981e-09
7.200000e-01 -6.374240e-01 2.691023e-09
7.300000e-01 -6.613119e-01 2.567704e-09
7.400000e-01 -6.845471e-01 2.589678e-09
7.500000e-01 -7.071068e-01 2.458666e-09
7.600000e-01 -7.289686e-01 2.401844e-09
7.700000e-01 -7.501111e-01 2.347077e-09
7.800000e-01 -7.705133e-01 2.169962e-09
7.900000e-01 -7.901550e-01 2.111205e-09
8.000000e-01 -8.090170e-01 1.921369e-09
8.100000e-01 -8.270806e-01 1.803110e-09
8.200000e-01 -8.443279e-01 1.676870e-09
8.300000e-01 -8.607420e-01 1.459828e-09
8.400000e-01 -8.763067e-01 1.332707e-09
8.500000e-01 -8.910065e-01 1.103316e-09
8.600000e-01 -9.048270e-01 9.358169e-10
8.700000e-01 -9.177546e-01 7.572133e-10
8.800000e-01 -9.297765e-01 5.185148e-10
8.900000e-01 -9.408807e-01 3.438921e-10
9.000000e-01 -9.510565e-01 1.020669e-10
9.100000e-01 -9.602937e-01 -9.004455e-11
9.200000e-01 -9.685832e-01 -2.833144e-10
9.300000e-01 -9.759168e-01 -5.010201e-10
9.400000e-01 -9.822872e-01 -6.577985e-10
9.500000e-01 -9.876883e-01 -8.263038e-10
9.600000e-01 -9.921147e-01 -9.054477e-10
9.700000e-01 -9.955620e-01 -9.114477e-10
9.800000e-01 -9.980267e-01 -8.345891e-10
9.900000e-01 -9.995065e-01 -3.351553e-10
1.000000e+00 -1.000000e+00 -1.333438e-32
