# y u_x u_y
0.000000e+00 0.000000e+00 0.000000e+00
1.000000e-02 9.556147e-06 -1.643710e-08
2.000000e-02 1.884714e-05 7.428964e-07
3.000000e-02 2.787299e-05 2.278000e-06
4.000000e-02 3.663368e-05 4.588875e-06
5.000000e-02 4.512923e-05 7.675520e-06
6.000000e-02 5.335962e-05 1.153794e-05
7.000000e-02 6.132486e-05 1.617612e-05
8.000000e-02 6.902495e-05 2.159008e-05
9.000000e-02 7.645989e-05 2.777981e-05
1.000000e-01 8.362968e-05 3.474530e-05
1.100000e-01 9.053432e-05 4.248657e-05
1.200000e-01 9.717381e-05 5.100361e-05
1.300000e-01 1.035481e-04 6.029642e-05
1.400000e-01 1.096573e-04 7.036500e-05
1.500000e-01 1.155014e-04 8.120935e-05
1.600000e-01 1.210803e-04 9.282947e-05
1.700000e-01 1.263940e-04 1.052254e-04
1.800000e-01 1.314426e-04 1.183970e-04
1.900000e-01 1.362260e-04 1.323445e-04
2.000000e-01 1.407443e-04 1.470677e-04
2.100000e-01 1.449974e-04 1.625666e-04
2.200000e-01 1.489854e-04 1.788414e-04
2.300000e-01 1.527082e-04 1.958919e-04
2.400000e-01 1.561659e-04 2.137182e-04
2.500000e-01 1.593584e-04 2.323202e-04
2.600000e-01 1.665500e-04 2.525939e-04
2.700000e-01 1.749737e-04 2.718589e-04
2.800000e-01 1.846294e-04 2.901155e-04
2.900000e-01 1.955172e-04 3.073635e-04
3.000000e-01 2.076371e-04 3.236029e-04
3.100000e-01 2.209890e-04 3.388338e-04
3.200000e-01 2.355729e-04 3.530562e-04
3.300000e-01 2.513890e-04 3.662700e-04
3.400000e-01 2.684371e-04 3.784753e-04
3.500000e-01 2.867172e-04 3.896720e-04
3.600000e-01 3.062294e-04 3.998602e-04
3.700000e-01 3.269737e-04 4.090399e-04
3.800000e-01 3.489501e-04 4.172110e-04
3.900000e-01 3.721585e-04 4.243735e-04
4.000000e-01 3.965989e-04 4.305275e-04
4.100000e-01 4.222715e-04 4.356730e-04
4.200000e-01 4.491761e-04 4.398099e-04
4.300000e-01 4.773127e-04 4.429383e-04
4.400000e-01 5.066814e-04 4.450582e-04
4.500000e-01 5.372822e-04 4.461695e-04
4.600000e-01 5.691151e-04 4.462722e-04
4.700000e-01 6.021800e-04 4.453664e-04
4.800000e-01 6.364769e-04 4.434521e-04
4.900000e-01 6.720060e-04 4.405292e-04
5.000000e-01 7.087671e-04 4.365978e-04
5.100000e-01 4.421986e-04 4.323308e-04
5.200000e-01 1.743415e-04 4.345929e-04
5.300000e-01 -9.480429e-05 4.433841e-04
5.400000e-01 -3.652388e-04 4.587044e-04
5.500000e-01 -6.369620e-04 4.805538e-04
5.600000e-01 -9.099740e-04 5.089323e-04
5.700000e-01 -1.184275e-03 5.438398e-04
5.800000e-01 -1.459864e-03 5.852765e-04
5.900000e-01 -1.736742e-03 6.332422e-04
6.000000e-01 -2.014909e-03 6.877371e-04
6.100000e-01 -2.294364e-03 7.487610e-04
6.200000e-01 -2.575108e-03 8.163140e-04
6.300000e-01 -2.857141e-03 8.903961e-04
6.400000e-01 -3.140463e-03 9.710073e-04
6.500000e-01 -3.425073e-03 1.058148e-03
6.600000e-01 -3.710972e-03 1.151817e-03
6.700000e-01 -3.998159e-03 1.252015e-03
6.800000e-01 -4.286636e-03 1.358743e-03
6.900000e-01 -4.576401e-03 1.472000e-03
7.000000e-01 -4.867455e-03 1.591785e-03
7.100000e-01 -5.159797e-03 1.718100e-03
7.200000e-01 -5.453428e-03 1.850944e-03
7.300000e-01 -5.748348e-03 1.990317e-03
7.400000e-01 -6.044557e-03 2.136219e-03
7.500000e-01 -6.342054e-03 2.288650e-03
7.600000e-01 -5.862427e-03 2.445686e-03
7.700000e-01 -5.375582e-03 2.586722e-03
7.800000e-01 -4.881518e-03 2.711759e-03
7.900000e-01 -4.380236e-03 2.820797e-03
8.000000e-01 -3.871734e-03 2.913836e-03
8.100000e-01 -3.356014e-03 2.990875e-03
8.200000e-01 -2.833074e-03 3.051915e-03
8.300000e-01 -2.302916e-03 3.096956e-03
8.400000e-01 -1.765539e-03 3.125998e-03
8.500000e-01 -1.220944e-03 3.139040e-03
8.600000e-01 -6.691291e-04 3.136083e-03
8.700000e-01 -1.100957e-04 3.117127e-03
8.800000e-01 4.561565e-04 3.082172e-03
8.900000e-01 1.029627e-03 3.031218e-03
9.000000e-01 1.610317e-03 2.964264e-03
9.100000e-01 2.198226e-03 2.881311e-03
9.200000e-01 2.793353e-03 2.782359e-03
9.300000e-01 3.395700e-03 2.667408e-03
9.400000e-01 4.005265e-03 2.536457e-03
9.500000e-01 4.622049e-03 2.389508e-03
9.600000e-01 5.246051e-03 2.226559e-03
9.700000e-01 5.877273e-03 2.047610e-03
9.800000e-01 6.515713e-03 1.852663e-03
9.900000e-01 7.161372e-03 1.641716e-03
1.000000e+00 7.814250e-03 1.414770e-03
