# y u_x u_y
0.000000e+00 0.000000e+00 0.000000e+00
1.000000e-02 3.192674e-06 -5.481471e-07
2.000000e-02 5.890208e-06 -1.054674e-06
3.000000e-02 8.092601e-06 -1.519580e-06
4.000000e-02 9.799855e-06 -1.942865e-06
5.000000e-02 1.101197e-05 -2.324530e-06
6.000000e-02 1.172894e-05 -2.664575e-06
7.000000e-02 1.195078e-05 -2.962999e-06
8.000000e-02 1.167747e-05 -3.219803e-06
9.000000e-02 1.090902e-05 -3.434986e-06
1.000000e-01 9.645438e-06 -3.608549e-06
1.100000e-01 7.886711e-06 -3.740491e-06
1.200000e-01 5.632845e-06 -3.830812e-06
1.300000e-01 2.883839e-06 -3.879514e-06
1.400000e-01 -3.603075e-07 -3.886594e-06
1.500000e-01 -4.099594e-06 -3.852054e-06
1.600000e-01 -8.334020e-06 -3.775894e-06
1.700000e-01 -1.306359e-05 -3.658113e-06
1.800000e-01 -1.828829e-05 -3.498712e-06
1.900000e-01 -2.400814e-05 -3.297690e-06
2.000000e-01 -3.022313e-05 -3.055048e-06
2.100000e-01 -3.693325e-05 -2.770785e-06
2.200000e-01 -4.413852e-05 -2.444902e-06
2.300000e-01 -5.183892e-05 -2.077398e-06
2.400000e-01 -6.003447e-05 -1.668274e-06
2.500000e-01 -6.872516e-05 -1.217530e-06
2.600000e-01 -1.747577e-04 2.604782e-06
2.700000e-01 -2.790446e-04 8.165642e-06
2.800000e-01 -3.815861e-04 1.546505e-05
2.900000e-01 -4.823819e-04 2.450301e-05
3.000000e-01 -5.814322e-04 3.527952e-05
3.100000e-01 -6.787370e-04 4.779457e-05
3.200000e-01 -7.742962e-04 6.204818e-05
3.300000e-01 -8.681098e-04 7.804033e-05
3.400000e-01 -9.601779e-04 9.577103e-05
3.500000e-01 -1.050500e-03 1.152403e-04
3.600000e-01 -1.139077e-03 1.364481e-04
3.700000e-01 -1.225909e-03 1.593944e-04
3.800000e-01 -1.310995e-03 1.840793e-04
3.900000e-01 -1.394335e-03 2.105028e-04
4.000000e-01 -1.475930e-03 2.386648e-04
4.100000e-01 -1.555779e-03 2.685653e-04
4.200000e-01 -1.633883e-03 3.002044e-04
4.300000e-01 -1.710241e-03 3.335820e-04
4.400000e-01 -1.784854e-03 3.686982e-04
4.500000e-01 -1.857721e-03 4.055530e-04
4.600000e-01 -1.928842e-03 4.441463e-04
4.700000e-01 -1.998218e-03 4.844781e-04
4.800000e-01 -2.065848e-03 5.265485e-04
4.900000e-01 -2.131733e-03 5.703574e-04
5.000000e-01 -2.195872e-03 6.159049e-04
5.100000e-01 -2.304021e-03 6.617496e-04
5.200000e-01 -2.410820e-03 7.096402e-04
5.300000e-01 -2.516270e-03 7.595767e-04
5.400000e-01 -2.620370e-03 8.115590e-04
5.500000e-01 -2.723122e-03 8.655873e-04
5.600000e-01 -2.824524e-03 9.216614e-04
5.700000e-01 -2.924577e-03 9.797814e-04
5.800000e-01 -3.023280e-03 1.039947e-03
5.900000e-01 -3.120635e-03 1.102159e-03
6.000000e-01 -3.216640e-03 1.166417e-03
6.100000e-01 -3.311296e-03 1.232720e-03
6.200000e-01 -3.404602e-03 1.301070e-03
6.300000e-01 -3.470387e-03 1.371164e-03
6.400000e-01 -3.508021e-03 1.440621e-03
6.500000e-01 -3.543468e-03 1.508948e-03
6.600000e-01 -3.576728e-03 1.576143e-03
6.700000e-01 -3.607802e-03 1.642208e-03
6.800000e-01 -3.636688e-03 1.707143e-03
6.900000e-01 -3.663388e-03 1.770946e-03
7.000000e-01 -3.687901e-03 1.833619e-03
7.100000e-01 -3.710227e-03 1.895161e-03
7.200000e-01 -3.730365e-03 1.955572e-03
7.300000e-01 -3.748317e-03 2.014853e-03
7.400000e-01 -3.764083e-03 2.073003e-03
7.500000e-01 -3.777661e-03 2.130022e-03
7.600000e-01 -3.775446e-03 2.185643e-03
7.700000e-01 -3.739113e-03 2.235817e-03
7.800000e-01 -3.668662e-03 2.280546e-03
7.900000e-01 -3.564092e-03 2.319830e-03
8.000000e-01 -3.425405e-03 2.353667e-03
8.100000e-01 -3.252600e-03 2.382059e-03
8.200000e-01 -3.029741e-03 2.403474e-03
8.300000e-01 -2.763760e-03 2.414329e-03
8.400000e-01 -2.459441e-03 2.414478e-03
8.500000e-01 -2.116785e-03 2.403919e-03
8.600000e-01 -1.735790e-03 2.382654e-03
8.700000e-01 -1.316458e-03 2.350683e-03
8.800000e-01 -7.968224e-04 2.310183e-03
8.900000e-01 -1.075149e-04 2.257275e-03
9.000000e-01 7.126211e-04 2.188490e-03
9.100000e-01 1.663586e-03 2.103826e-03
9.200000e-01 2.745378e-03 2.003284e-03
9.300000e-01 3.958000e-03 1.886864e-03
9.400000e-01 5.520767e-03 1.754220e-03
9.500000e-01 7.904351e-03 1.609834e-03
9.600000e-01 1.047002e-02 1.457848e-03
9.700000e-01 1.321778e-02 1.298261e-03
9.800000e-01 1.614762e-02 1.131073e-03
9.900000e-01 1.925955e-02 9.562848e-04
1.000000e+00 2.255356e-02 7.738959e-04
