# y u_x u_y
0.000000e+00 0.000000e+00 0.000000e+00
1.000000e-02 2.965218e-05 -9.830542e-07
2.000000e-02 5.867689e-05 -2.631966e-06
3.000000e-02 8.707412e-05 -4.946737e-06
4.000000e-02 1.148439e-04 -7.927365e-06
5.000000e-02 1.419861e-04 -1.157385e-05
6.000000e-02 1.685009e-04 -1.588620e-05
7.000000e-02 1.943883e-04 -2.086440e-05
8.000000e-02 2.196481e-04 -2.650846e-05
9.000000e-02 2.442805e-04 -3.281838e-05
1.000000e-01 2.682854e-04 -3.979416e-05
1.100000e-01 2.916628e-04 -4.743579e-05
1.200000e-01 3.144127e-04 -5.574328e-05
1.300000e-01 3.365352e-04 -6.471663e-05
1.400000e-01 3.580302e-04 -7.435584e-05
1.500000e-01 3.788977e-04 -8.466091e-05
1.600000e-01 3.991377e-04 -9.563184e-05
1.700000e-01 4.187503e-04 -1.072686e-04
1.800000e-01 4.377354e-04 -1.195713e-04
1.900000e-01 4.560930e-04 -1.325398e-04
2.000000e-01 4.738231e-04 -1.461741e-04
2.100000e-01 4.909257e-04 -1.604743e-04
2.200000e-01 5.074009e-04 -1.754404e-04
2.300000e-01 5.232486e-04 -1.910723e-04
2.400000e-01 5.384688e-04 -2.073701e-04
2.500000e-01 5.530616e-04 -2.243338e-04
2.600000e-01 4.429163e-04 -2.398972e-04
2.700000e-01 3.325365e-04 -2.528787e-04
2.800000e-01 2.219223e-04 -2.632785e-04
2.900000e-01 1.110737e-04 -2.710964e-04
3.000000e-01 -9.410375e-09 -2.763324e-04
3.100000e-01 -1.113270e-04 -2.789867e-04
3.200000e-01 -2.228790e-04 -2.790591e-04
3.300000e-01 -3.346654e-04 -2.765497e-04
3.400000e-01 -4.466864e-04 -2.714584e-04
3.500000e-01 -5.589417e-04 -2.637853e-04
3.600000e-01 -6.714316e-04 -2.535304e-04
3.700000e-01 -7.841559e-04 -2.406937e-04
3.800000e-01 -8.971146e-04 -2.252751e-04
3.900000e-01 -1.010308e-03 -2.072747e-04
4.000000e-01 -1.123735e-03 -1.866924e-04
4.100000e-01 -1.237398e-03 -1.635283e-04
4.200000e-01 -1.351294e-03 -1.377824e-04
4.300000e-01 -1.465425e-03 -1.094547e-04
4.400000e-01 -1.579791e-03 -7.854512e-05
4.500000e-01 -1.694390e-03 -4.505372e-05
4.600000e-01 -1.809225e-03 -8.980482e-06
4.700000e-01 -1.924294e-03 2.967458e-05
4.800000e-01 -2.039597e-03 7.091148e-05
4.900000e-01 -2.155135e-03 1.147302e-04
5.000000e-01 -2.270907e-03 1.611308e-04
5.100000e-01 -2.416136e-03 2.108285e-04
5.200000e-01 -2.560048e-03 2.634712e-04
5.300000e-01 -2.702643e-03 3.190591e-04
5.400000e-01 -2.843922e-03 3.775920e-04
5.500000e-01 -2.983885e-03 4.390700e-04
5.600000e-01 -3.122530e-03 5.034931e-04
5.700000e-01 -3.259859e-03 5.708612e-04
5.800000e-01 -3.395872e-03 6.411745e-04
5.900000e-01 -3.530567e-03 7.144328e-04
6.000000e-01 -3.663947e-03 7.906361e-04
6.100000e-01 -3.796009e-03 8.697846e-04
6.200000e-01 -3.926755e-03 9.518781e-04
6.300000e-01 -4.020890e-03 1.036784e-03
6.400000e-01 -4.076035e-03 1.121333e-03
6.500000e-01 -4.126692e-03 1.204598e-03
6.600000e-01 -4.172860e-03 1.286582e-03
6.700000e-01 -4.214540e-03 1.367282e-03
6.800000e-01 -4.251732e-03 1.446700e-03
6.900000e-01 -4.284435e-03 1.524836e-03
7.000000e-01 -4.312650e-03 1.601689e-03
7.100000e-01 -4.336376e-03 1.677260e-03
7.200000e-01 -4.355615e-03 1.751548e-03
7.300000e-01 -4.370364e-03 1.824553e-03
7.400000e-01 -4.380626e-03 1.896276e-03
7.500000e-01 -4.386399e-03 1.966717e-03
7.600000e-01 -4.303967e-03 2.033483e-03
7.700000e-01 -4.202487e-03 2.094087e-03
7.800000e-01 -4.081956e-03 2.148527e-03
7.900000e-01 -3.942375e-03 2.196804e-03
8.000000e-01 -3.783745e-03 2.238917e-03
8.100000e-01 -3.606065e-03 2.274868e-03
8.200000e-01 -3.330527e-03 2.304103e-03
8.300000e-01 -2.994679e-03 2.323198e-03
8.400000e-01 -2.622649e-03 2.331796e-03
8.500000e-01 -2.214438e-03 2.329896e-03
8.600000e-01 -1.770046e-03 2.317499e-03
8.700000e-01 -1.289472e-03 2.294604e-03
8.800000e-01 -7.141613e-04 2.260497e-03
8.900000e-01 1.373399e-05 2.212536e-03
9.000000e-01 8.549425e-04 2.150556e-03
9.100000e-01 1.850862e-03 2.074359e-03
9.200000e-01 3.055723e-03 1.982953e-03
9.300000e-01 4.412634e-03 1.876282e-03
9.400000e-01 5.976711e-03 1.754528e-03
9.500000e-01 7.927118e-03 1.619277e-03
9.600000e-01 1.013987e-02 1.470721e-03
9.700000e-01 1.266031e-02 1.308773e-03
9.800000e-01 1.581009e-02 1.137651e-03
9.900000e-01 1.931021e-02 9.616455e-04
1.000000e+00 2.316069e-02 7.807569e-04
