# y u_x u_y
0.000000e+00 0.000000e+00 0.000000e+00
1.000000e-02 2.125131e-06 -4.446887e-07
2.000000e-02 3.773414e-06 -6.851358e-07
3.000000e-02 4.944848e-06 -7.213413e-07
4.000000e-02 5.639434e-06 -5.533053e-07
5.000000e-02 5.857171e-06 -1.810278e-07
6.000000e-02 5.598059e-06 3.954913e-07
7.000000e-02 4.862099e-06 1.176252e-06
8.000000e-02 3.649290e-06 2.161254e-06
9.000000e-02 1.959632e-06 3.350498e-06
1.000000e-01 -2.068739e-07 4.743983e-06
1.100000e-01 -2.850229e-06 6.341710e-06
1.200000e-01 -5.970432e-06 8.143678e-06
1.300000e-01 -9.567484e-06 1.014989e-05
1.400000e-01 -1.364138e-05 1.236034e-05
1.500000e-01 -1.819213e-05 1.477503e-05
1.600000e-01 -2.321973e-05 1.739397e-05
1.700000e-01 -2.872418e-05 2.021714e-05
1.800000e-01 -3.470547e-05 2.324456e-05
1.900000e-01 -4.116362e-05 2.647622e-05
2.000000e-01 -4.809861e-05 2.991212e-05
2.100000e-01 -5.551045e-05 3.355226e-05
2.200000e-01 -6.339914e-05 3.739665e-05
2.300000e-01 -7.176468e-05 4.144527e-05
2.400000e-01 -8.060706e-05 4.569814e-05
2.500000e-01 -8.992630e-05 5.015525e-05
2.600000e-01 -1.619597e-04 5.686498e-05
2.700000e-01 -2.330312e-04 6.465809e-05
2.800000e-01 -3.031410e-04 7.353457e-05
2.900000e-01 -3.722889e-04 8.349441e-05
3.000000e-01 -4.404751e-04 9.453764e-05
3.100000e-01 -5.076994e-04 1.066642e-04
3.200000e-01 -5.739619e-04 1.198742e-04
3.300000e-01 -6.392626e-04 1.341675e-04
3.400000e-01 -7.036016e-04 1.495442e-04
3.500000e-01 -7.669787e-04 1.660043e-04
3.600000e-01 -8.293940e-04 1.835478e-04
3.700000e-01 -8.908475e-04 2.021746e-04
3.800000e-01 -9.513392e-04 2.218848e-04
3.900000e-01 -1.010869e-03 2.426783e-04
4.000000e-01 -1.069437e-03 2.645553e-04
4.100000e-01 -1.127043e-03 2.875156e-04
4.200000e-01 -1.183688e-03 3.115593e-04
4.300000e-01 -1.239371e-03 3.366863e-04
4.400000e-01 -1.294092e-03 3.628967e-04
4.500000e-01 -1.347851e-03 3.901905e-04
4.600000e-01 -1.400648e-03 4.185677e-04
4.700000e-01 -1.452483e-03 4.480282e-04
4.800000e-01 -1.503357e-03 4.785721e-04
4.900000e-01 -1.553269e-03 5.101994e-04
5.000000e-01 -1.602219e-03 5.429101e-04
5.100000e-01 -1.666763e-03 5.762206e-04
5.200000e-01 -1.731068e-03 6.115650e-04
5.300000e-01 -1.795132e-03 6.489431e-04
5.400000e-01 -1.858956e-03 6.883551e-04
5.500000e-01 -1.922540e-03 7.298008e-04
5.600000e-01 -1.985884e-03 7.732804e-04
5.700000e-01 -2.048987e-03 8.187938e-04
5.800000e-01 -2.111851e-03 8.663409e-04
5.900000e-01 -2.174475e-03 9.159219e-04
6.000000e-01 -2.236858e-03 9.675366e-04
6.100000e-01 -2.299001e-03 1.021185e-03
6.200000e-01 -2.360905e-03 1.076868e-03
6.300000e-01 -2.422568e-03 1.134584e-03
6.400000e-01 -2.483991e-03 1.194334e-03
6.500000e-01 -2.545173e-03 1.256117e-03
6.600000e-01 -2.606116e-03 1.319935e-03
6.700000e-01 -2.666819e-03 1.385786e-03
6.800000e-01 -2.727281e-03 1.453671e-03
6.900000e-01 -2.787504e-03 1.523590e-03
7.000000e-01 -2.847486e-03 1.595543e-03
7.100000e-01 -2.907228e-03 1.669530e-03
7.200000e-01 -2.966730e-03 1.745550e-03
7.300000e-01 -3.025992e-03 1.823604e-03
7.400000e-01 -3.085014e-03 1.903692e-03
7.500000e-01 -3.143796e-03 1.985814e-03
7.600000e-01 -3.445135e-03 2.074984e-03
7.700000e-01 -3.707720e-03 2.154580e-03
7.800000e-01 -3.931550e-03 2.224604e-03
7.900000e-01 -4.116625e-03 2.285054e-03
8.000000e-01 -4.262946e-03 2.335932e-03
8.100000e-01 -4.370511e-03 2.377236e-03
8.200000e-01 -4.439322e-03 2.408968e-03
8.300000e-01 -4.469378e-03 2.431127e-03
8.400000e-01 -4.460679e-03 2.443712e-03
8.500000e-01 -4.413226e-03 2.446725e-03
8.600000e-01 -4.327017e-03 2.440165e-03
8.700000e-01 -4.202054e-03 2.424032e-03
8.800000e-01 -3.469502e-03 2.398451e-03
8.900000e-01 -2.109962e-03 2.358640e-03
9.000000e-01 -6.858013e-04 2.302878e-03
9.100000e-01 8.029802e-04 2.231164e-03
9.200000e-01 2.356382e-03 2.143500e-03
9.300000e-01 3.974405e-03 2.039884e-03
9.400000e-01 5.657049e-03 1.920318e-03
9.500000e-01 7.404313e-03 1.784800e-03
9.600000e-01 9.216198e-03 1.633332e-03
9.700000e-01 1.109270e-02 1.465912e-03
9.800000e-01 1.303383e-02 1.282541e-03
9.900000e-01 1.503958e-02 1.083220e-03
1.000000e+00 1.710994e-02 8.679467e-04
