# y u_x u_y
0.000000e+00 0.000000e+00 0.000000e+00
1.000000e-02 8.545333e-05 -1.406447e-06
2.000000e-02 1.684195e-04 -4.396010e-06
3.000000e-02 2.488984e-04 -8.968689e-06
4.000000e-02 3.268901e-04 -1.512448e-05
5.000000e-02 4.023946e-04 -2.286339e-05
6.000000e-02 4.754119e-04 -3.218542e-05
7.000000e-02 5.459421e-04 -4.309056e-05
8.000000e-02 6.139850e-04 -5.557882e-05
9.000000e-02 6.795407e-04 -6.965019e-05
1.000000e-01 7.426092e-04 -8.530468e-05
1.100000e-01 8.031905e-04 -1.025423e-04
1.200000e-01 8.612846e-04 -1.213630e-04
1.300000e-01 8.842396e-04 -1.413568e-04
1.400000e-01 8.729068e-04 -1.610266e-04
1.500000e-01 8.602217e-04 -1.802833e-04
1.600000e-01 8.461842e-04 -1.991270e-04
1.700000e-01 8.307945e-04 -2.175577e-04
1.800000e-01 8.140524e-04 -2.355754e-04
1.900000e-01 7.959580e-04 -2.531800e-04
2.000000e-01 7.765114e-04 -2.703716e-04
2.100000e-01 7.557124e-04 -2.871502e-04
2.200000e-01 7.335611e-04 -3.035158e-04
2.300000e-01 7.100575e-04 -3.194683e-04
2.400000e-01 6.852016e-04 -3.350078e-04
2.500000e-01 6.589934e-04 -3.501343e-04
2.600000e-01 5.707776e-04 -3.639923e-04
2.700000e-01 4.813793e-04 -3.757960e-04
2.800000e-01 3.907987e-04 -3.855454e-04
2.900000e-01 2.990357e-04 -3.932405e-04
3.000000e-01 2.060902e-04 -3.988813e-04
3.100000e-01 1.119624e-04 -4.024678e-04
3.200000e-01 1.665216e-05 -4.039999e-04
3.300000e-01 -7.984047e-05 -4.034777e-04
3.400000e-01 -1.775155e-04 -4.009013e-04
3.500000e-01 -2.763729e-04 -3.962705e-04
3.600000e-01 -3.764128e-04 -3.895854e-04
3.700000e-01 -4.776350e-04 -3.808460e-04
3.800000e-01 -6.013578e-04 -3.698957e-04
3.900000e-01 -7.474659e-04 -3.558399e-04
4.000000e-01 -8.946026e-04 -3.385371e-04
4.100000e-01 -1.042768e-03 -3.179873e-04
4.200000e-01 -1.191962e-03 -2.941904e-04
4.300000e-01 -1.342184e-03 -2.671465e-04
4.400000e-01 -1.493435e-03 -2.368556e-04
4.500000e-01 -1.645715e-03 -2.033177e-04
4.600000e-01 -1.799023e-03 -1.665328e-04
4.700000e-01 -1.953360e-03 -1.265008e-04
4.800000e-01 -2.108726e-03 -8.322184e-05
4.900000e-01 -2.265120e-03 -3.669583e-05
5.000000e-01 -2.422542e-03 1.307720e-05
5.100000e-01 -2.582280e-03 6.627812e-05
5.200000e-01 -2.740468e-03 1.224930e-04
5.300000e-01 -2.897106e-03 1.817219e-04
5.400000e-01 -3.052193e-03 2.439647e-04
5.500000e-01 -3.205730e-03 3.092215e-04
5.600000e-01 -3.357716e-03 3.774922e-04
5.700000e-01 -3.508153e-03 4.487770e-04
5.800000e-01 -3.657039e-03 5.230757e-04
5.900000e-01 -3.804375e-03 6.003883e-04
6.000000e-01 -3.950161e-03 6.807149e-04
6.100000e-01 -4.094397e-03 7.640555e-04
6.200000e-01 -4.237082e-03 8.504101e-04
6.300000e-01 -4.349575e-03 9.393769e-04
6.400000e-01 -4.426826e-03 1.027754e-03
6.500000e-01 -4.495796e-03 1.114876e-03
6.600000e-01 -4.556484e-03 1.200743e-03
6.700000e-01 -4.608891e-03 1.285354e-03
6.800000e-01 -4.653016e-03 1.368711e-03
6.900000e-01 -4.688860e-03 1.450812e-03
7.000000e-01 -4.716423e-03 1.531658e-03
7.100000e-01 -4.735704e-03 1.611249e-03
7.200000e-01 -4.746704e-03 1.689584e-03
7.300000e-01 -4.749423e-03 1.766665e-03
7.400000e-01 -4.743860e-03 1.842490e-03
7.500000e-01 -4.730015e-03 1.917060e-03
7.600000e-01 -4.650418e-03 1.988032e-03
7.700000e-01 -4.545472e-03 2.052564e-03
7.800000e-01 -4.415175e-03 2.110655e-03
7.900000e-01 -4.259530e-03 2.162305e-03
8.000000e-01 -4.078534e-03 2.207515e-03
8.100000e-01 -3.872189e-03 2.246284e-03
8.200000e-01 -3.597446e-03 2.277602e-03
8.300000e-01 -3.264273e-03 2.298359e-03
8.400000e-01 -2.884344e-03 2.308348e-03
8.500000e-01 -2.457661e-03 2.307571e-03
8.600000e-01 -1.984223e-03 2.296028e-03
8.700000e-01 -1.464029e-03 2.273719e-03
8.800000e-01 -8.447434e-04 2.240447e-03
8.900000e-01 -8.499269e-05 2.193993e-03
9.000000e-01 7.766781e-04 2.133811e-03
9.100000e-01 1.791707e-03 2.059792e-03
9.200000e-01 3.025329e-03 1.971362e-03
9.300000e-01 4.405880e-03 1.868475e-03
9.400000e-01 5.965452e-03 1.751006e-03
9.500000e-01 7.867616e-03 1.619483e-03
9.600000e-01 1.010820e-02 1.474085e-03
9.700000e-01 1.269467e-02 1.314915e-03
9.800000e-01 1.573043e-02 1.145354e-03
9.900000e-01 1.924098e-02 9.680180e-04
1.000000e+00 2.322286e-02 7.869191e-04
