# y u_x u_y
0.000000e+00 0.000000e+00 0.000000e+00
1.000000e-02 0.000000e+00 0.000000e+00
2.000000e-02 0.000000e+00 0.000000e+00
3.000000e-02 0.000000e+00 0.000000e+00
4.000000e-02 0.000000e+00 0.000000e+00
5.000000e-02 0.000000e+00 0.000000e+00
6.000000e-02 0.000000e+00 0.000000e+00
7.000000e-02 0.000000e+00 0.000000e+00
8.000000e-02 0.000000e+00 0.000000e+00
9.000000e-02 0.000000e+00 0.000000e+00
1.000000e-01 0.000000e+00 0.000000e+00
1.100000e-01 0.000000e+00 0.000000e+00
1.200000e-01 0.000000e+00 0.000000e+00
1.300000e-01 0.000000e+00 0.000000e+00
1.400000e-01 0.000000e+00 0.000000e+00
1.500000e-01 0.000000e+00 0.000000e+00
1.600000e-01 0.000000e+00 0.000000e+00
1.700000e-01 0.000000e+00 0.000000e+00
1.800000e-01 0.000000e+00 0.000000e+00
1.900000e-01 0.000000e+00 0.000000e+00
2.000000e-01 0.000000e+00 0.000000e+00
2.100000e-01 0.000000e+00 0.000000e+00
2.200000e-01 0.000000e+00 0.000000e+00
2.300000e-01 0.000000e+00 0.000000e+00
2.400000e-01 0.000000e+00 0.000000e+00
2.500000e-01 0.000000e+00 0.000000e+00
2.600000e-01 0.000000e+00 0.000000e+00
2.700000e-01 0.000000e+00 0.000000e+00
2.800000e-01 0.000000e+00 0.000000e+00
2.900000e-01 0.000000e+00 0.000000e+00
3.000000e-01 0.000000e+00 0.000000e+00
3.100000e-01 0.000000e+00 0.000000e+00
3.200000e-01 0.000000e+00 0.000000e+00
3.300000e-01 0.000000e+00 0.000000e+00
3.400000e-01 0.000000e+00 0.000000e+00
3.500000e-01 0.000000e+00 0.000000e+00
3.600000e-01 0.000000e+00 0.000000e+00
3.700000e-01 0.000000e+00 0.000000e+00
3.800000e-01 0.000000e+00 0.000000e+00
3.900000e-01 0.000000e+00 0.000000e+00
4.000000e-01 0.000000e+00 0.000000e+00
4.100000e-01 0.000000e+00 0.000000e+00
4.200000e-01 0.000000e+00 0.000000e+00
4.300000e-01 0.000000e+00 0.000000e+00
4.400000e-01 0.000000e+00 0.000000e+00
4.500000e-01 0.000000e+00 0.000000e+00
4.600000e-01 0.000000e+00 0.000000e+00
4.700000e-01 0.000000e+00 0.000000e+00
4.800000e-01 0.000000e+00 0.000000e+00
4.900000e-01 0.000000e+00 0.000000e+00
5.000000e-01 0.000000e+00 0.000000e+00
5.100000e-01 1.980000e-01 -4.131888e-17
5.200000e-01 3.920000e-01 -1.430387e-16
5.300000e-01 5.820000e-01 -2.506416e-16
5.400000e-01 7.680000e-01 -1.243098e-16
5.500000e-01 9.500000e-01 1.110217e-16
5.600000e-01 1.128000e+00 2.708947e-16
5.700000e-01 1.302000e+00 1.326691e-16
5.800000e-01 1.472000e+00 -1.409765e-16
5.900000e-01 1.638000e+00 -2.274218e-16
6.000000e-01 1.800000e+00 -1.381776e-16
6.100000e-01 1.958000e+00 -4.594217e-18
6.200000e-01 2.112000e+00 5.702092e-18
6.300000e-01 2.262000e+00 -8.462285e-18
6.400000e-01 2.408000e+00 -2.894857e-17
6.500000e-01 2.550000e+00 -5.575677e-17
6.600000e-01 2.688000e+00 -8.888689e-17
6.700000e-01 2.822000e+00 -3.435659e-17
6.800000e-01 2.952000e+00 1.447863e-16
6.900000e-01 3.078000e+00 2.320621e-16
7.000000e-01 3.200000e+00 2.274707e-16
7.100000e-01 3.318000e+00 1.310123e-16
7.200000e-01 3.432000e+00 -5.731327e-17
7.300000e-01 3.542000e+00 -1.139248e-16
7.400000e-01 3.648000e+00 -1.183244e-16
7.500000e-01 3.750000e+00 -1.243676e-16
7.600000e-01 3.848000e+00 -1.320544e-16
7.700000e-01 3.942000e+00 -1.413849e-16
7.800000e-01 4.032000e+00 -1.523589e-16
7.900000e-01 4.118000e+00 -1.649765e-16
8.000000e-01 4.200000e+00 -1.792378e-16
8.100000e-01 4.278000e+00 -1.951426e-16
8.200000e-01 4.352000e+00 -2.126911e-16
8.300000e-01 4.422000e+00 -2.318832e-16
8.400000e-01 4.488000e+00 -2.465148e-16
8.500000e-01 4.550000e+00 -2.476246e-16
8.600000e-01 4.608000e+00 -2.359017e-16
8.700000e-01 4.662000e+00 -2.113463e-16
8.800000e-01 4.712000e+00 -1.739582e-16
8.900000e-01 4.758000e+00 -1.237375e-16
9.000000e-01 4.800000e+00 -6.068428e-17
9.100000e-01 4.838000e+00 1.520157e-17
9.200000e-01 4.872000e+00 1.039200e-16
9.300000e-01 4.902000e+00 2.054711e-16
9.400000e-01 4.928000e+00 3.198547e-16
9.500000e-01 4.950000e+00 2.798177e-16
9.600000e-01 4.968000e+00 1.259964e-16
9.700000e-01 4.982000e+00 -5.753666e-18
9.800000e-01 4.992000e+00 -1.154324e-16
9.900000e-01 4.998000e+00 -2.030397e-16
1.000000e+00 5.000000e+00 -2.685758e-16
