# y u_x u_y
0.000000e+00 0.000000e+00 0.000000e+00
1.000000e-02 0.000000e+00 0.000000e+00
2.000000e-02 0.000000e+00 0.000000e+00
3.000000e-02 0.000000e+00 0.000000e+00
4.000000e-02 0.000000e+00 0.000000e+00
5.000000e-02 0.000000e+00 0.000000e+00
6.000000e-02 0.000000e+00 0.000000e+00
7.000000e-02 0.000000e+00 0.000000e+00
8.000000e-02 0.000000e+00 0.000000e+00
9.000000e-02 0.000000e+00 0.000000e+00
1.000000e-01 0.000000e+00 0.000000e+00
1.100000e-01 0.000000e+00 0.000000e+00
1.200000e-01 0.000000e+00 0.000000e+00
1.300000e-01 0.000000e+00 0.000000e+00
1.400000e-01 0.000000e+00 0.000000e+00
1.500000e-01 0.000000e+00 0.000000e+00
1.600000e-01 0.000000e+00 0.000000e+00
1.700000e-01 0.000000e+00 0.000000e+00
1.800000e-01 0.000000e+00 0.000000e+00
1.900000e-01 0.000000e+00 0.000000e+00
2.000000e-01 0.000000e+00 0.000000e+00
2.100000e-01 0.000000e+00 0.000000e+00
2.200000e-01 0.000000e+00 0.000000e+00
2.300000e-01 0.000000e+00 0.000000e+00
2.400000e-01 0.000000e+00 0.000000e+00
2.500000e-01 0.000000e+00 0.000000e+00
2.600000e-01 0.000000e+00 0.000000e+00
2.700000e-01 0.000000e+00 0.000000e+00
2.800000e-01 0.000000e+00 0.000000e+00
2.900000e-01 0.000000e+00 0.000000e+00
3.000000e-01 0.000000e+00 0.000000e+00
3.100000e-01 0.000000e+00 0.000000e+00
3.200000e-01 0.000000e+00 0.000000e+00
3.300000e-01 0.000000e+00 0.000000e+00
3.400000e-01 0.000000e+00 0.000000e+00
3.500000e-01 0.000000e+00 0.000000e+00
3.600000e-01 0.000000e+00 0.000000e+00
3.700000e-01 0.000000e+00 0.000000e+00
3.800000e-01 0.000000e+00 0.000000e+00
3.900000e-01 0.000000e+00 0.000000e+00
4.000000e-01 0.000000e+00 0.000000e+00
4.100000e-01 0.000000e+00 0.000000e+00
4.200000e-01 0.000000e+00 0.000000e+00
4.300000e-01 0.000000e+00 0.000000e+00
4.400000e-01 0.000000e+00 0.000000e+00
4.500000e-01 0.000000e+00 0.000000e+00
4.600000e-01 0.000000e+00 0.000000e+00
4.700000e-01 0.000000e+00 0.000000e+00
4.800000e-01 0.000000e+00 0.000000e+00
4.900000e-01 0.000000e+00 0.000000e+00
5.000000e-01 0.000000e+00 0.000000e+00
5.100000e-01 1.980000e-01 1.285595e-17
5.200000e-01 3.920000e-01 6.871187e-18
5.300000e-01 5.820000e-01 -1.795429e-17
5.400000e-01 7.680000e-01 -6.162047e-17
5.500000e-01 9.500000e-01 -1.241274e-16
5.600000e-01 1.128000e+00 -1.621783e-16
5.700000e-01 1.302000e+00 -1.546838e-16
5.800000e-01 1.472000e+00 -1.518164e-16
5.900000e-01 1.638000e+00 -1.535762e-16
6.000000e-01 1.800000e+00 -1.599631e-16
6.100000e-01 1.958000e+00 -1.709772e-16
6.200000e-01 2.112000e+00 -2.137690e-16
6.300000e-01 2.262000e+00 -2.556278e-16
6.400000e-01 2.408000e+00 -2.926330e-16
6.500000e-01 2.550000e+00 -3.247846e-16
6.600000e-01 2.688000e+00 -3.520828e-16
6.700000e-01 2.822000e+00 -3.745274e-16
6.800000e-01 2.952000e+00 -3.921184e-16
6.900000e-01 3.078000e+00 -4.048559e-16
7.000000e-01 3.200000e+00 -4.127398e-16
7.100000e-01 3.318000e+00 -4.157702e-16
7.200000e-01 3.432000e+00 -4.139471e-16
7.300000e-01 3.542000e+00 -3.527134e-16
7.400000e-01 3.648000e+00 -2.780482e-16
7.500000e-01 3.750000e+00 -2.064154e-16
7.600000e-01 3.848000e+00 -1.378151e-16
7.700000e-01 3.942000e+00 -7.224708e-17
7.800000e-01 4.032000e+00 -9.711507e-18
7.900000e-01 4.118000e+00 4.979166e-17
8.000000e-01 4.200000e+00 1.062624e-16
8.100000e-01 4.278000e+00 1.597008e-16
8.200000e-01 4.352000e+00 2.101067e-16
8.300000e-01 4.422000e+00 2.574803e-16
8.400000e-01 4.488000e+00 2.211973e-16
8.500000e-01 4.550000e+00 1.524735e-16
8.600000e-01 4.608000e+00 9.380201e-17
8.700000e-01 4.662000e+00 4.518267e-17
8.800000e-01 4.712000e+00 6.615506e-18
8.900000e-01 4.758000e+00 -2.189947e-17
9.000000e-01 4.800000e+00 -4.036226e-17
9.100000e-01 4.838000e+00 -4.877286e-17
9.200000e-01 4.872000e+00 -4.713128e-17
9.300000e-01 4.902000e+00 -3.543752e-17
9.400000e-01 4.928000e+00 -1.369156e-17
9.500000e-01 4.950000e+00 -6.289135e-18
9.600000e-01 4.968000e+00 -1.247105e-17
9.700000e-01 4.982000e+00 -1.389788e-17
9.800000e-01 4.992000e+00 -1.056962e-17
9.900000e-01 4.998000e+00 -2.486266e-18
1.000000e+00 5.000000e+00 1.035217e-17
