# y u_x u_y
0.000000e+00 0.000000e+00 0.000000e+00
1.000000e-02 0.000000e+00 0.000000e+00
2.000000e-02 0.000000e+00 0.000000e+00
3.000000e-02 0.000000e+00 0.000000e+00
4.000000e-02 0.000000e+00 0.000000e+00
5.000000e-02 0.000000e+00 0.000000e+00
6.000000e-02 0.000000e+00 0.000000e+00
7.000000e-02 0.000000e+00 0.000000e+00
8.000000e-02 0.000000e+00 0.000000e+00
9.000000e-02 0.000000e+00 0.000000e+00
1.000000e-01 0.000000e+00 0.000000e+00
1.100000e-01 0.000000e+00 0.000000e+00
1.200000e-01 0.000000e+00 0.000000e+00
1.300000e-01 0.000000e+00 0.000000e+00
1.400000e-01 0.000000e+00 0.000000e+00
1.500000e-01 0.000000e+00 0.000000e+00
1.600000e-01 0.000000e+00 0.000000e+00
1.700000e-01 0.000000e+00 0.000000e+00
1.800000e-01 0.000000e+00 0.000000e+00
1.900000e-01 0.000000e+00 0.000000e+00
2.000000e-01 0.000000e+00 0.000000e+00
2.100000e-01 0.000000e+00 0.000000e+00
2.200000e-01 0.000000e+00 0.000000e+00
2.300000e-01 0.000000e+00 0.000000e+00
2.400000e-01 0.000000e+00 0.000000e+00
2.500000e-01 0.000000e+00 0.000000e+00
2.600000e-01 0.000000e+00 0.000000e+00
2.700000e-01 0.000000e+00 0.000000e+00
2.800000e-01 0.000000e+00 0.000000e+00
2.900000e-01 0.000000e+00 0.000000e+00
3.000000e-01 0.000000e+00 0.000000e+00
3.100000e-01 0.000000e+00 0.000000e+00
3.200000e-01 0.000000e+00 0.000000e+00
3.300000e-01 0.000000e+00 0.000000e+00
3.400000e-01 0.000000e+00 0.000000e+00
3.500000e-01 0.000000e+00 0.000000e+00
3.600000e-01 0.000000e+00 0.000000e+00
3.700000e-01 0.000000e+00 0.000000e+00
3.800000e-01 0.000000e+00 0.000000e+00
3.900000e-01 0.000000e+00 0.000000e+00
4.000000e-01 0.000000e+00 0.000000e+00
4.100000e-01 0.000000e+00 0.000000e+00
4.200000e-01 0.000000e+00 0.000000e+00
4.300000e-01 0.000000e+00 0.000000e+00
4.400000e-01 0.000000e+00 0.000000e+00
4.500000e-01 0.000000e+00 0.000000e+00
4.600000e-01 0.000000e+00 0.000000e+00
4.700000e-01 0.000000e+00 0.000000e+00
4.800000e-01 0.000000e+00 0.000000e+00
4.900000e-01 0.000000e+00 0.000000e+00
5.000000e-01 0.000000e+00 0.000000e+00
5.100000e-01 1.980000e-01 7.358273e-16
5.200000e-01 3.920000e-01 1.709610e-15
5.300000e-01 5.820000e-01 2.921348e-15
5.400000e-01 7.680000e-01 4.371042e-15
5.500000e-01 9.500000e-01 6.058691e-15
5.600000e-01 1.128000e+00 7.984296e-15
5.700000e-01 1.302000e+00 1.014786e-14
5.800000e-01 1.472000e+00 1.254937e-14
5.900000e-01 1.638000e+00 1.518884e-14
6.000000e-01 1.800000e+00 1.806627e-14
6.100000e-01 1.958000e+00 2.118165e-14
6.200000e-01 2.112000e+00 2.325492e-14
6.300000e-01 2.262000e+00 2.503216e-14
6.400000e-01 2.408000e+00 2.665136e-14
6.500000e-01 2.550000e+00 2.811254e-14
6.600000e-01 2.688000e+00 2.941569e-14
6.700000e-01 2.822000e+00 3.056081e-14
6.800000e-01 2.952000e+00 3.154790e-14
6.900000e-01 3.078000e+00 3.237697e-14
7.000000e-01 3.200000e+00 3.304801e-14
7.100000e-01 3.318000e+00 3.356101e-14
7.200000e-01 3.432000e+00 3.391599e-14
7.300000e-01 3.542000e+00 3.409953e-14
7.400000e-01 3.648000e+00 3.419085e-14
7.500000e-01 3.750000e+00 3.420247e-14
7.600000e-01 3.848000e+00 3.413439e-14
7.700000e-01 3.942000e+00 3.398663e-14
7.800000e-01 4.032000e+00 3.375918e-14
7.900000e-01 4.118000e+00 3.345203e-14
8.000000e-01 4.200000e+00 3.306519e-14
8.100000e-01 4.278000e+00 3.259866e-14
8.200000e-01 4.352000e+00 3.205243e-14
8.300000e-01 4.422000e+00 3.142652e-14
8.400000e-01 4.488000e+00 3.079424e-14
8.500000e-01 4.550000e+00 3.003875e-14
8.600000e-01 4.608000e+00 2.910732e-14
8.700000e-01 4.662000e+00 2.799996e-14
8.800000e-01 4.712000e+00 2.671668e-14
8.900000e-01 4.758000e+00 2.525746e-14
9.000000e-01 4.800000e+00 2.362232e-14
9.100000e-01 4.838000e+00 2.181124e-14
9.200000e-01 4.872000e+00 1.982424e-14
9.300000e-01 4.902000e+00 1.766131e-14
9.400000e-01 4.928000e+00 1.532245e-14
9.500000e-01 4.950000e+00 1.282914e-14
9.600000e-01 4.968000e+00 1.031138e-14
9.700000e-01 4.982000e+00 7.790322e-15
9.800000e-01 4.992000e+00 5.265980e-15
9.900000e-01 4.998000e+00 2.738350e-15
1.000000e+00 5.000000e+00 2.074337e-16
