# y u_x u_y
0.000000e+00 0.000000e+00 0.000000e+00
1.000000e-02 0.000000e+00 0.000000e+00
2.000000e-02 0.000000e+00 0.000000e+00
3.000000e-02 0.000000e+00 0.000000e+00
4.000000e-02 0.000000e+00 0.000000e+00
5.000000e-02 0.000000e+00 0.000000e+00
6.000000e-02 0.000000e+00 0.000000e+00
7.000000e-02 0.000000e+00 0.000000e+00
8.000000e-02 0.000000e+00 0.000000e+00
9.000000e-02 0.000000e+00 0.000000e+00
1.000000e-01 0.000000e+00 0.000000e+00
1.100000e-01 0.000000e+00 0.000000e+00
1.200000e-01 0.000000e+00 0.000000e+00
1.300000e-01 0.000000e+00 0.000000e+00
1.400000e-01 0.000000e+00 0.000000e+00
1.500000e-01 0.000000e+00 0.000000e+00
1.600000e-01 0.000000e+00 0.000000e+00
1.700000e-01 0.000000e+00 0.000000e+00
1.800000e-01 0.000000e+00 0.000000e+00
1.900000e-01 0.000000e+00 0.000000e+00
2.000000e-01 0.000000e+00 0.000000e+00
2.100000e-01 0.000000e+00 0.000000e+00
2.200000e-01 0.000000e+00 0.000000e+00
2.300000e-01 0.000000e+00 0.000000e+00
2.400000e-01 0.000000e+00 0.000000e+00
2.500000e-01 0.000000e+00 0.000000e+00
2.600000e-01 0.000000e+00 0.000000e+00
2.700000e-01 0.000000e+00 0.000000e+00
2.800000e-01 0.000000e+00 0.000000e+00
2.900000e-01 0.000000e+00 0.000000e+00
3.000000e-01 0.000000e+00 0.000000e+00
3.100000e-01 0.000000e+00 0.000000e+00
3.200000e-01 0.000000e+00 0.000000e+00
3.300000e-01 0.000000e+00 0.000000e+00
3.400000e-01 0.000000e+00 0.000000e+00
3.500000e-01 0.000000e+00 0.000000e+00
3.600000e-01 0.000000e+00 0.000000e+00
3.700000e-01 0.000000e+00 0.000000e+00
3.800000e-01 0.000000e+00 0.000000e+00
3.900000e-01 0.000000e+00 0.000000e+00
4.000000e-01 0.000000e+00 0.000000e+00
4.100000e-01 0.000000e+00 0.000000e+00
4.200000e-01 0.000000e+00 0.000000e+00
4.300000e-01 0.000000e+00 0.000000e+00
4.400000e-01 0.000000e+00 0.000000e+00
4.500000e-01 0.000000e+00 0.000000e+00
4.600000e-01 0.000000e+00 0.000000e+00
4.700000e-01 0.000000e+00 0.000000e+00
4.800000e-01 0.000000e+00 0.000000e+00
4.900000e-01 0.000000e+00 0.000000e+00
5.000000e-01 0.000000e+00 0.000000e+00
5.100000e-01 1.980000e-01 -6.633716e-17
5.200000e-01 3.920000e-01 -2.059803e-16
5.300000e-01 5.820000e-01 -4.226560e-16
5.400000e-01 7.680000e-01 -4.874457e-16
5.500000e-01 9.500000e-01 -2.357015e-16
5.600000e-01 1.128000e+00 1.737697e-16
5.700000e-01 1.302000e+00 2.863912e-16
5.800000e-01 1.472000e+00 1.411042e-16
5.900000e-01 1.638000e+00 -5.604327e-17
6.000000e-01 1.800000e+00 -5.817546e-17
6.100000e-01 1.958000e+00 1.016634e-16
6.200000e-01 2.112000e+00 6.397967e-17
6.300000e-01 2.262000e+00 3.083613e-17
6.400000e-01 2.408000e+00 4.055220e-17
6.500000e-01 2.550000e+00 9.312787e-17
6.600000e-01 2.688000e+00 1.885632e-16
6.700000e-01 2.822000e+00 2.755708e-16
6.800000e-01 2.952000e+00 2.414984e-16
6.900000e-01 3.078000e+00 1.582379e-16
7.000000e-01 3.200000e+00 2.578945e-17
7.100000e-01 3.318000e+00 -1.558470e-16
7.200000e-01 3.432000e+00 -3.866715e-16
7.300000e-01 3.542000e+00 -4.262871e-16
7.400000e-01 3.648000e+00 -3.975040e-16
7.500000e-01 3.750000e+00 -3.628942e-16
7.600000e-01 3.848000e+00 -3.224577e-16
7.700000e-01 3.942000e+00 -2.761947e-16
7.800000e-01 4.032000e+00 -2.241049e-16
7.900000e-01 4.118000e+00 -1.661886e-16
8.000000e-01 4.200000e+00 -1.024456e-16
8.100000e-01 4.278000e+00 -3.287595e-17
8.200000e-01 4.352000e+00 4.252032e-17
8.300000e-01 4.422000e+00 1.237432e-16
8.400000e-01 4.488000e+00 2.411377e-16
8.500000e-01 4.550000e+00 3.506779e-16
8.600000e-01 4.608000e+00 4.314207e-16
8.700000e-01 4.662000e+00 4.833662e-16
8.800000e-01 4.712000e+00 5.065143e-16
8.900000e-01 4.758000e+00 5.008651e-16
9.000000e-01 4.800000e+00 4.664186e-16
9.100000e-01 4.838000e+00 4.031746e-16
9.200000e-01 4.872000e+00 3.111334e-16
9.300000e-01 4.902000e+00 1.902947e-16
9.400000e-01 4.928000e+00 4.065873e-17
9.500000e-01 4.950000e+00 -8.607815e-18
9.600000e-01 4.968000e+00 3.437891e-17
9.700000e-01 4.982000e+00 7.134751e-17
9.800000e-01 4.992000e+00 1.022980e-16
9.900000e-01 4.998000e+00 1.272304e-16
1.000000e+00 5.000000e+00 1.461446e-16
