# y u_x u_y
0.000000e+00 0.000000e+00 0.000000e+00
1.000000e-02 0.000000e+00 0.000000e+00
2.000000e-02 0.000000e+00 0.000000e+00
3.000000e-02 0.000000e+00 0.000000e+00
4.000000e-02 0.000000e+00 0.000000e+00
5.000000e-02 0.000000e+00 0.000000e+00
6.000000e-02 0.000000e+00 0.000000e+00
7.000000e-02 0.000000e+00 0.000000e+00
8.000000e-02 0.000000e+00 0.000000e+00
9.000000e-02 0.000000e+00 0.000000e+00
1.000000e-01 0.000000e+00 0.000000e+00
1.100000e-01 0.000000e+00 0.000000e+00
1.200000e-01 0.000000e+00 0.000000e+00
1.300000e-01 0.000000e+00 0.000000e+00
1.400000e-01 0.000000e+00 0.000000e+00
1.500000e-01 0.000000e+00 0.000000e+00
1.600000e-01 0.000000e+00 0.000000e+00
1.700000e-01 0.000000e+00 0.000000e+00
1.800000e-01 0.000000e+00 0.000000e+00
1.900000e-01 0.000000e+00 0.000000e+00
2.000000e-01 0.000000e+00 0.000000e+00
2.100000e-01 0.000000e+00 0.000000e+00
2.200000e-01 0.000000e+00 0.000000e+00
2.300000e-01 0.000000e+00 0.000000e+00
2.400000e-01 0.000000e+00 0.000000e+00
2.500000e-01 0.000000e+00 0.000000e+00
2.600000e-01 0.000000e+00 0.000000e+00
2.700000e-01 0.000000e+00 0.000000e+00
2.800000e-01 0.000000e+00 0.000000e+00
2.900000e-01 0.000000e+00 0.000000e+00
3.000000e-01 0.000000e+00 0.000000e+00
3.100000e-01 0.000000e+00 0.000000e+00
3.200000e-01 0.000000e+00 0.000000e+00
3.300000e-01 0.000000e+00 0.000000e+00
3.400000e-01 0.000000e+00 0.000000e+00
3.500000e-01 0.000000e+00 0.000000e+00
3.600000e-01 0.000000e+00 0.000000e+00
3.700000e-01 0.000000e+00 0.000000e+00
3.800000e-01 0.000000e+00 0.000000e+00
3.900000e-01 0.000000e+00 0.000000e+00
4.000000e-01 0.000000e+00 0.000000e+00
4.100000e-01 0.000000e+00 0.000000e+00
4.200000e-01 0.000000e+00 0.000000e+00
4.300000e-01 0.000000e+00 0.000000e+00
4.400000e-01 0.000000e+00 0.000000e+00
4.500000e-01 0.000000e+00 0.000000e+00
4.600000e-01 0.000000e+00 0.000000e+00
4.700000e-01 0.000000e+00 0.000000e+00
4.800000e-01 0.000000e+00 0.000000e+00
4.900000e-01 0.000000e+00 0.000000e+00
5.000000e-01 0.000000e+00 0.000000e+00
5.100000e-01 1.980000e-01 5.301903e-19
5.200000e-01 3.920000e-01 9.453237e-18
5.300000e-01 5.820000e-01 2.676914e-17
5.400000e-01 7.680000e-01 5.247790e-17
5.500000e-01 9.500000e-01 8.657952e-17
5.600000e-01 1.128000e+00 1.251249e-16
5.700000e-01 1.302000e+00 1.382642e-16
5.800000e-01 1.472000e+00 1.198328e-16
5.900000e-01 1.638000e+00 6.983071e-17
6.000000e-01 1.800000e+00 -1.174203e-17
6.100000e-01 1.958000e+00 -1.248854e-16
6.200000e-01 2.112000e+00 -1.564675e-16
6.300000e-01 2.262000e+00 -1.808013e-16
6.400000e-01 2.408000e+00 -2.105770e-16
6.500000e-01 2.550000e+00 -2.457944e-16
6.600000e-01 2.688000e+00 -2.864535e-16
6.700000e-01 2.822000e+00 -3.325545e-16
6.800000e-01 2.952000e+00 -3.840972e-16
6.900000e-01 3.078000e+00 -4.410816e-16
7.000000e-01 3.200000e+00 -5.035079e-16
7.100000e-01 3.318000e+00 -5.713759e-16
7.200000e-01 3.432000e+00 -6.446856e-16
7.300000e-01 3.542000e+00 -5.076164e-16
7.400000e-01 3.648000e+00 -3.426573e-16
7.500000e-01 3.750000e+00 -2.150129e-16
7.600000e-01 3.848000e+00 -1.246833e-16
7.700000e-01 3.942000e+00 -7.166830e-17
7.800000e-01 4.032000e+00 -5.596805e-17
7.900000e-01 4.118000e+00 -7.758250e-17
8.000000e-01 4.200000e+00 -1.365116e-16
8.100000e-01 4.278000e+00 -2.327555e-16
8.200000e-01 4.352000e+00 -3.663141e-16
8.300000e-01 4.422000e+00 -5.371873e-16
8.400000e-01 4.488000e+00 -5.014153e-16
8.500000e-01 4.550000e+00 -3.641744e-16
8.600000e-01 4.608000e+00 -2.440839e-16
8.700000e-01 4.662000e+00 -1.411438e-16
8.800000e-01 4.712000e+00 -5.535407e-17
8.900000e-01 4.758000e+00 1.328527e-17
9.000000e-01 4.800000e+00 6.477422e-17
9.100000e-01 4.838000e+00 9.911278e-17
9.200000e-01 4.872000e+00 1.163009e-16
9.300000e-01 4.902000e+00 1.163387e-16
9.400000e-01 4.928000e+00 9.922611e-17
9.500000e-01 4.950000e+00 6.111485e-17
9.600000e-01 4.968000e+00 3.701269e-17
9.700000e-01 4.982000e+00 3.978053e-17
9.800000e-01 4.992000e+00 6.941839e-17
9.900000e-01 4.998000e+00 1.259263e-16
1.000000e+00 5.000000e+00 2.093041e-16
