# y u_x u_y
0.000000e+00 0.000000e+00 0.000000e+00
1.000000e-02 0.000000e+00 0.000000e+00
2.000000e-02 0.000000e+00 0.000000e+00
3.000000e-02 0.000000e+00 0.000000e+00
4.000000e-02 0.000000e+00 0.000000e+00
5.000000e-02 0.000000e+00 0.000000e+00
6.000000e-02 0.000000e+00 0.000000e+00
7.000000e-02 0.000000e+00 0.000000e+00
8.000000e-02 0.000000e+00 0.000000e+00
9.000000e-02 0.000000e+00 0.000000e+00
1.000000e-01 0.000000e+00 0.000000e+00
1.100000e-01 0.000000e+00 0.000000e+00
1.200000e-01 0.000000e+00 0.000000e+00
1.300000e-01 0.000000e+00 0.000000e+00
1.400000e-01 0.000000e+00 0.000000e+00
1.500000e-01 0.000000e+00 0.000000e+00
1.600000e-01 0.000000e+00 0.000000e+00
1.700000e-01 0.000000e+00 0.000000e+00
1.800000e-01 0.000000e+00 0.000000e+00
1.900000e-01 0.000000e+00 0.000000e+00
2.000000e-01 0.000000e+00 0.000000e+00
2.100000e-01 0.000000e+00 0.000000e+00
2.200000e-01 0.000000e+00 0.000000e+00
2.300000e-01 0.000000e+00 0.000000e+00
2.400000e-01 0.000000e+00 0.000000e+00
2.500000e-01 0.000000e+00 0.000000e+00
2.600000e-01 0.000000e+00 0.000000e+00
2.700000e-01 0.000000e+00 0.000000e+00
2.800000e-01 0.000000e+00 0.000000e+00
2.900000e-01 0.000000e+00 0.000000e+00
3.000000e-01 0.000000e+00 0.000000e+00
3.100000e-01 0.000000e+00 0.000000e+00
3.200000e-01 0.000000e+00 0.000000e+00
3.300000e-01 0.000000e+00 0.000000e+00
3.400000e-01 0.000000e+00 0.000000e+00
3.500000e-01 0.000000e+00 0.000000e+00
3.600000e-01 0.000000e+00 0.000000e+00
3.700000e-01 0.000000e+00 0.000000e+00
3.800000e-01 0.000000e+00 0.000000e+00
3.900000e-01 0.000000e+00 0.000000e+00
4.000000e-01 0.000000e+00 0.000000e+00
4.100000e-01 0.000000e+00 0.000000e+00
4.200000e-01 0.000000e+00 0.000000e+00
4.300000e-01 0.000000e+00 0.000000e+00
4.400000e-01 0.000000e+00 0.000000e+00
4.500000e-01 0.000000e+00 0.000000e+00
4.600000e-01 0.000000e+00 0.000000e+00
4.700000e-01 0.000000e+00 0.000000e+00
4.800000e-01 0.000000e+00 0.000000e+00
4.900000e-01 0.000000e+00 0.000000e+00
5.000000e-01 0.000000e+00 0.000000e+00
5.100000e-01 1.980000e-01 -3.672582e-17
5.200000e-01 3.920000e-01 -5.745598e-17
5.300000e-01 5.820000e-01 -6.219048e-17
5.400000e-01 7.680000e-01 -5.092932e-17
5.500000e-01 9.500000e-01 -2.367249e-17
5.600000e-01 1.128000e+00 1.958000e-17
5.700000e-01 1.302000e+00 7.882815e-17
5.800000e-01 1.472000e+00 1.540720e-16
5.900000e-01 1.638000e+00 2.453114e-16
6.000000e-01 1.800000e+00 3.525466e-16
6.100000e-01 1.958000e+00 4.757774e-16
6.200000e-01 2.112000e+00 4.615518e-16
6.300000e-01 2.262000e+00 4.256565e-16
6.400000e-01 2.408000e+00 3.861855e-16
6.500000e-01 2.550000e+00 3.431390e-16
6.600000e-01 2.688000e+00 2.965170e-16
6.700000e-01 2.822000e+00 2.463193e-16
6.800000e-01 2.952000e+00 1.925461e-16
6.900000e-01 3.078000e+00 1.351973e-16
7.000000e-01 3.200000e+00 7.427293e-17
7.100000e-01 3.318000e+00 9.772982e-18
7.200000e-01 3.432000e+00 -5.830254e-17
7.300000e-01 3.542000e+00 -4.150552e-17
7.400000e-01 3.648000e+00 -9.272041e-18
7.500000e-01 3.750000e+00 1.234463e-17
7.600000e-01 3.848000e+00 2.334451e-17
7.700000e-01 3.942000e+00 2.372758e-17
7.800000e-01 4.032000e+00 1.349386e-17
7.900000e-01 4.118000e+00 -7.356666e-18
8.000000e-01 4.200000e+00 -3.882399e-17
8.100000e-01 4.278000e+00 -8.090812e-17
8.200000e-01 4.352000e+00 -1.336090e-16
8.300000e-01 4.422000e+00 -1.969268e-16
8.400000e-01 4.488000e+00 -1.717420e-16
8.500000e-01 4.550000e+00 -1.097250e-16
8.600000e-01 4.608000e+00 -6.085744e-17
8.700000e-01 4.662000e+00 -2.513934e-17
8.800000e-01 4.712000e+00 -2.570715e-18
8.900000e-01 4.758000e+00 6.848446e-18
9.000000e-01 4.800000e+00 3.118142e-18
9.100000e-01 4.838000e+00 -1.376163e-17
9.200000e-01 4.872000e+00 -4.379086e-17
9.300000e-01 4.902000e+00 -8.696957e-17
9.400000e-01 4.928000e+00 -1.432977e-16
9.500000e-01 4.950000e+00 -1.229542e-16
9.600000e-01 4.968000e+00 -3.625234e-17
9.700000e-01 4.982000e+00 4.713684e-17
9.800000e-01 4.992000e+00 1.272133e-16
9.900000e-01 4.998000e+00 2.039772e-16
1.000000e+00 5.000000e+00 2.774283e-16
