# y u_x u_y
0.000000e+00 0.000000e+00 0.000000e+00
1.000000e-02 0.000000e+00 0.000000e+00
2.000000e-02 0.000000e+00 0.000000e+00
3.000000e-02 0.000000e+00 0.000000e+00
4.000000e-02 0.000000e+00 0.000000e+00
5.000000e-02 0.000000e+00 0.000000e+00
6.000000e-02 0.000000e+00 0.000000e+00
7.000000e-02 0.000000e+00 0.000000e+00
8.000000e-02 0.000000e+00 0.000000e+00
9.000000e-02 0.000000e+00 0.000000e+00
1.000000e-01 0.000000e+00 0.000000e+00
1.100000e-01 0.000000e+00 0.000000e+00
1.200000e-01 0.000000e+00 0.000000e+00
1.300000e-01 0.000000e+00 0.000000e+00
1.400000e-01 0.000000e+00 0.000000e+00
1.500000e-01 0.000000e+00 0.000000e+00
1.600000e-01 0.000000e+00 0.000000e+00
1.700000e-01 0.000000e+00 0.000000e+00
1.800000e-01 0.000000e+00 0.000000e+00
1.900000e-01 0.000000e+00 0.000000e+00
2.000000e-01 0.000000e+00 0.000000e+00
2.100000e-01 0.000000e+00 0.000000e+00
2.200000e-01 0.000000e+00 0.000000e+00
2.300000e-01 0.000000e+00 0.000000e+00
2.400000e-01 0.000000e+00 0.000000e+00
2.500000e-01 0.000000e+00 0.000000e+00
2.600000e-01 0.000000e+00 0.000000e+00
2.700000e-01 0.000000e+00 0.000000e+00
2.800000e-01 0.000000e+00 0.000000e+00
2.900000e-01 0.000000e+00 0.000000e+00
3.000000e-01 0.000000e+00 0.000000e+00
3.100000e-01 0.000000e+00 0.000000e+00
3.200000e-01 0.000000e+00 0.000000e+00
3.300000e-01 0.000000e+00 0.000000e+00
3.400000e-01 0.000000e+00 0.000000e+00
3.500000e-01 0.000000e+00 0.000000e+00
3.600000e-01 0.000000e+00 0.000000e+00
3.700000e-01 0.000000e+00 0.000000e+00
3.800000e-01 0.000000e+00 0.000000e+00
3.900000e-01 0.000000e+00 0.000000e+00
4.000000e-01 0.000000e+00 0.000000e+00
4.100000e-01 0.000000e+00 0.000000e+00
4.200000e-01 0.000000e+00 0.000000e+00
4.300000e-01 0.000000e+00 0.000000e+00
4.400000e-01 0.000000e+00 0.000000e+00
4.500000e-01 0.000000e+00 0.000000e+00
4.600000e-01 0.000000e+00 0.000000e+00
4.700000e-01 0.000000e+00 0.000000e+00
4.800000e-01 0.000000e+00 0.000000e+00
4.900000e-01 0.000000e+00 0.000000e+00
5.000000e-01 0.000000e+00 0.000000e+00
5.100000e-01 3.960000e-02 -4.320939e-19
5.200000e-01 7.840000e-02 -5.801350e-18
5.300000e-01 1.164000e-01 -1.610777e-17
5.400000e-01 1.536000e-01 -3.135135e-17
5.500000e-01 1.900000e-01 -5.153209e-17
5.600000e-01 2.256000e-01 -6.967322e-17
5.700000e-01 2.604000e-01 -7.569456e-17
5.800000e-01 2.944000e-01 -7.511092e-17
5.900000e-01 3.276000e-01 -6.792232e-17
6.000000e-01 3.600000e-01 -5.412874e-17
6.100000e-01 3.916000e-01 -3.373020e-17
6.200000e-01 4.224000e-01 -4.386075e-17
6.300000e-01 4.524000e-01 -5.549802e-17
6.400000e-01 4.816000e-01 -6.420435e-17
6.500000e-01 5.100000e-01 -6.997975e-17
6.600000e-01 5.376000e-01 -7.282423e-17
6.700000e-01 5.644000e-01 -7.273778e-17
6.800000e-01 5.904000e-01 -6.972039e-17
6.900000e-01 6.156000e-01 -6.377208e-17
7.000000e-01 6.400000e-01 -5.489284e-17
7.100000e-01 6.636000e-01 -4.308267e-17
7.200000e-01 6.864000e-01 -2.834157e-17
7.300000e-01 7.084000e-01 -3.449652e-17
7.400000e-01 7.296000e-01 -4.616303e-17
7.500000e-01 7.500000e-01 -5.673773e-17
7.600000e-01 7.696000e-01 -6.622062e-17
7.700000e-01 7.884000e-01 -7.461170e-17
7.800000e-01 8.064000e-01 -8.191096e-17
7.900000e-01 8.236000e-01 -8.811842e-17
8.000000e-01 8.400000e-01 -9.323406e-17
8.100000e-01 8.556000e-01 -9.725790e-17
8.200000e-01 8.704000e-01 -1.001899e-16
8.300000e-01 8.844000e-01 -1.020301e-16
8.400000e-01 8.976000e-01 -8.455569e-17
8.500000e-01 9.100000e-01 -6.002925e-17
8.600000e-01 9.216000e-01 -3.819246e-17
8.700000e-01 9.324000e-01 -1.904533e-17
8.800000e-01 9.424000e-01 -2.587855e-18
8.900000e-01 9.516000e-01 1.117997e-17
9.000000e-01 9.600000e-01 2.225813e-17
9.100000e-01 9.676000e-01 3.064664e-17
9.200000e-01 9.744000e-01 3.634549e-17
9.300000e-01 9.804000e-01 3.935469e-17
9.400000e-01 9.856000e-01 3.967423e-17
9.500000e-01 9.900000e-01 5.014556e-17
9.600000e-01 9.936000e-01 6.979787e-17
9.700000e-01 9.964000e-01 8.881445e-17
9.800000e-01 9.984000e-01 1.071953e-16
9.900000e-01 9.996000e-01 1.249404e-16
1.000000e+00 1.000000e+00 1.420498e-16
