# y u_x u_y
0.000000e+00 0.000000e+00 0.000000e+00
1.000000e-02 0.000000e+00 0.000000e+00
2.000000e-02 0.000000e+00 0.000000e+00
3.000000e-02 0.000000e+00 0.000000e+00
4.000000e-02 0.000000e+00 0.000000e+00
5.000000e-02 0.000000e+00 0.000000e+00
6.000000e-02 0.000000e+00 0.000000e+00
7.000000e-02 0.000000e+00 0.000000e+00
8.000000e-02 0.000000e+00 0.000000e+00
9.000000e-02 0.000000e+00 0.000000e+00
1.000000e-01 0.000000e+00 0.000000e+00
1.100000e-01 0.000000e+00 0.000000e+00
1.200000e-01 0.000000e+00 0.000000e+00
1.300000e-01 0.000000e+00 0.000000e+00
1.400000e-01 0.000000e+00 0.000000e+00
1.500000e-01 0.000000e+00 0.000000e+00
1.600000e-01 0.000000e+00 0.000000e+00
1.700000e-01 0.000000e+00 0.000000e+00
1.800000e-01 0.000000e+00 0.000000e+00
1.900000e-01 0.000000e+00 0.000000e+00
2.000000e-01 0.000000e+00 0.000000e+00
2.100000e-01 0.000000e+00 0.000000e+00
2.200000e-01 0.000000e+00 0.000000e+00
2.300000e-01 0.000000e+00 0.000000e+00
2.400000e-01 0.000000e+00 0.000000e+00
2.500000e-01 0.000000e+00 0.000000e+00
2.600000e-01 0.000000e+00 0.000000e+00
2.700000e-01 0.000000e+00 0.000000e+00
2.800000e-01 0.000000e+00 0.000000e+00
2.900000e-01 0.000000e+00 0.000000e+00
3.000000e-01 0.000000e+00 0.000000e+00
3.100000e-01 0.000000e+00 0.000000e+00
3.200000e-01 0.000000e+00 0.000000e+00
3.300000e-01 0.000000e+00 0.000000e+00
3.400000e-01 0.000000e+00 0.000000e+00
3.500000e-01 0.000000e+00 0.000000e+00
3.600000e-01 0.000000e+00 0.000000e+00
3.700000e-01 0.000000e+00 0.000000e+00
3.800000e-01 0.000000e+00 0.000000e+00
3.900000e-01 0.000000e+00 0.000000e+00
4.000000e-01 0.000000e+00 0.000000e+00
4.100000e-01 0.000000e+00 0.000000e+00
4.200000e-01 0.000000e+00 0.000000e+00
4.300000e-01 0.000000e+00 0.000000e+00
4.400000e-01 0.000000e+00 0.000000e+00
4.500000e-01 0.000000e+00 0.000000e+00
4.600000e-01 0.000000e+00 0.000000e+00
4.700000e-01 0.000000e+00 0.000000e+00
4.800000e-01 0.000000e+00 0.000000e+00
4.900000e-01 0.000000e+00 0.000000e+00
5.000000e-01 0.000000e+00 0.000000e+00
5.100000e-01 3.960000e-02 -6.159961e-19
5.200000e-01 7.840000e-02 -4.709127e-18
5.300000e-01 1.164000e-01 -1.625473e-17
5.400000e-01 1.536000e-01 -2.484583e-17
5.500000e-01 1.900000e-01 -3.621698e-18
5.600000e-01 2.256000e-01 3.875907e-17
5.700000e-01 2.604000e-01 6.200633e-17
5.800000e-01 2.944000e-01 6.227968e-17
5.900000e-01 3.276000e-01 4.339719e-17
6.000000e-01 3.600000e-01 4.768910e-17
6.100000e-01 3.916000e-01 8.209424e-17
6.200000e-01 4.224000e-01 2.851470e-17
6.300000e-01 4.524000e-01 -2.281005e-17
6.400000e-01 4.816000e-01 -5.788813e-17
6.500000e-01 5.100000e-01 -7.671955e-17
6.600000e-01 5.376000e-01 -7.930431e-17
6.700000e-01 5.644000e-01 -4.716303e-17
6.800000e-01 5.904000e-01 1.243179e-17
6.900000e-01 6.156000e-01 4.964547e-17
7.000000e-01 6.400000e-01 6.447801e-17
7.100000e-01 6.636000e-01 5.692941e-17
7.200000e-01 6.864000e-01 2.699968e-17
7.300000e-01 7.084000e-01 1.925220e-17
7.400000e-01 7.296000e-01 1.899914e-17
7.500000e-01 7.500000e-01 1.565101e-17
7.600000e-01 7.696000e-01 9.207803e-18
7.700000e-01 7.884000e-01 -3.304844e-19
7.800000e-01 8.064000e-01 -1.296385e-17
7.900000e-01 8.236000e-01 -2.869229e-17
8.000000e-01 8.400000e-01 -4.751581e-17
8.100000e-01 8.556000e-01 -6.943441e-17
8.200000e-01 8.704000e-01 -9.444808e-17
8.300000e-01 8.844000e-01 -1.225568e-16
8.400000e-01 8.976000e-01 -1.201387e-16
8.500000e-01 9.100000e-01 -9.869526e-17
8.600000e-01 9.216000e-01 -7.397574e-17
8.700000e-01 9.324000e-01 -4.598011e-17
8.800000e-01 9.424000e-01 -1.470836e-17
8.900000e-01 9.516000e-01 1.983949e-17
9.000000e-01 9.600000e-01 5.766346e-17
9.100000e-01 9.676000e-01 9.876354e-17
9.200000e-01 9.744000e-01 1.431397e-16
9.300000e-01 9.804000e-01 1.907920e-16
9.400000e-01 9.856000e-01 2.417205e-16
9.500000e-01 9.900000e-01 2.402288e-16
9.600000e-01 9.936000e-01 1.978948e-16
9.700000e-01 9.964000e-01 1.594007e-16
9.800000e-01 9.984000e-01 1.247464e-16
9.900000e-01 9.996000e-01 9.393191e-17
1.000000e+00 1.000000e+00 6.695728e-17
