# y u_x u_y
0.000000e+00 0.000000e+00 0.000000e+00
1.000000e-02 0.000000e+00 0.000000e+00
2.000000e-02 0.000000e+00 0.000000e+00
3.000000e-02 0.000000e+00 0.000000e+00
4.000000e-02 0.000000e+00 0.000000e+00
5.000000e-02 0.000000e+00 0.000000e+00
6.000000e-02 0.000000e+00 0.000000e+00
7.000000e-02 0.000000e+00 0.000000e+00
8.000000e-02 0.000000e+00 0.000000e+00
9.000000e-02 0.000000e+00 0.000000e+00
1.000000e-01 0.000000e+00 0.000000e+00
1.100000e-01 0.000000e+00 0.000000e+00
1.200000e-01 0.000000e+00 0.000000e+00
1.300000e-01 0.000000e+00 0.000000e+00
1.400000e-01 0.000000e+00 0.000000e+00
1.500000e-01 0.000000e+00 0.000000e+00
1.600000e-01 0.000000e+00 0.000000e+00
1.700000e-01 0.000000e+00 0.000000e+00
1.800000e-01 0.000000e+00 0.000000e+00
1.900000e-01 0.000000e+00 0.000000e+00
2.000000e-01 0.000000e+00 0.000000e+00
2.100000e-01 0.000000e+00 0.000000e+00
2.200000e-01 0.000000e+00 0.000000e+00
2.300000e-01 0.000000e+00 0.000000e+00
2.400000e-01 0.000000e+00 0.000000e+00
2.500000e-01 0.000000e+00 0.000000e+00
2.600000e-01 0.000000e+00 0.000000e+00
2.700000e-01 0.000000e+00 0.000000e+00
2.800000e-01 0.000000e+00 0.000000e+00
2.900000e-01 0.000000e+00 0.000000e+00
3.000000e-01 0.000000e+00 0.000000e+00
3.100000e-01 0.000000e+00 0.000000e+00
3.200000e-01 0.000000e+00 0.000000e+00
3.300000e-01 0.000000e+00 0.000000e+00
3.400000e-01 0.000000e+00 0.000000e+00
3.500000e-01 0.000000e+00 0.000000e+00
3.600000e-01 0.000000e+00 0.000000e+00
3.700000e-01 0.000000e+00 0.000000e+00
3.800000e-01 0.000000e+00 0.000000e+00
3.900000e-01 0.000000e+00 0.000000e+00
4.000000e-01 0.000000e+00 0.000000e+00
4.100000e-01 0.000000e+00 0.000000e+00
4.200000e-01 0.000000e+00 0.000000e+00
4.300000e-01 0.000000e+00 0.000000e+00
4.400000e-01 0.000000e+00 0.000000e+00
4.500000e-01 0.000000e+00 0.000000e+00
4.600000e-01 0.000000e+00 0.000000e+00
4.700000e-01 0.000000e+00 0.000000e+00
4.800000e-01 0.000000e+00 0.000000e+00
4.900000e-01 0.000000e+00 0.000000e+00
5.000000e-01 0.000000e+00 0.000000e+00
5.100000e-01 3.960000e-02 -1.421419e-16
5.200000e-01 7.840000e-02 -1.114196e-16
5.300000e-01 1.164000e-01 9.216690e-17
5.400000e-01 1.536000e-01 4.686176e-16
5.500000e-01 1.900000e-01 1.017933e-15
5.600000e-01 2.256000e-01 1.740112e-15
5.700000e-01 2.604000e-01 2.635155e-15
5.800000e-01 2.944000e-01 3.703063e-15
5.900000e-01 3.276000e-01 4.943834e-15
6.000000e-01 3.600000e-01 6.357470e-15
6.100000e-01 3.916000e-01 7.943971e-15
6.200000e-01 4.224000e-01 1.101428e-14
6.300000e-01 4.524000e-01 1.402702e-14
6.400000e-01 4.816000e-01 1.679515e-14
6.500000e-01 5.100000e-01 1.931866e-14
6.600000e-01 5.376000e-01 2.159754e-14
6.700000e-01 5.644000e-01 2.363181e-14
6.800000e-01 5.904000e-01 2.542145e-14
6.900000e-01 6.156000e-01 2.696647e-14
7.000000e-01 6.400000e-01 2.826688e-14
7.100000e-01 6.636000e-01 2.932266e-14
7.200000e-01 6.864000e-01 3.013382e-14
7.300000e-01 7.084000e-01 3.123168e-14
7.400000e-01 7.296000e-01 3.230109e-14
7.500000e-01 7.500000e-01 3.319829e-14
7.600000e-01 7.696000e-01 3.392328e-14
7.700000e-01 7.884000e-01 3.447605e-14
7.800000e-01 8.064000e-01 3.485663e-14
7.900000e-01 8.236000e-01 3.506499e-14
8.000000e-01 8.400000e-01 3.510114e-14
8.100000e-01 8.556000e-01 3.496508e-14
8.200000e-01 8.704000e-01 3.465681e-14
8.300000e-01 8.844000e-01 3.417634e-14
8.400000e-01 8.976000e-01 3.341734e-14
8.500000e-01 9.100000e-01 3.243473e-14
8.600000e-01 9.216000e-01 3.128202e-14
8.700000e-01 9.324000e-01 2.995920e-14
8.800000e-01 9.424000e-01 2.846628e-14
8.900000e-01 9.516000e-01 2.680326e-14
9.000000e-01 9.600000e-01 2.497013e-14
9.100000e-01 9.676000e-01 2.296690e-14
9.200000e-01 9.744000e-01 2.079356e-14
9.300000e-01 9.804000e-01 1.845012e-14
9.400000e-01 9.856000e-01 1.593658e-14
9.500000e-01 9.900000e-01 1.330637e-14
9.600000e-01 9.936000e-01 1.067789e-14
9.700000e-01 9.964000e-01 8.045240e-15
9.800000e-01 9.984000e-01 5.408438e-15
9.900000e-01 9.996000e-01 2.767478e-15
1.000000e+00 1.000000e+00 1.223614e-16
