# y u_x u_y
0.000000e+00 0.000000e+00 0.000000e+00
1.000000e-02 -3.625561e-07 -3.228356e-07
2.000000e-02 -1.064481e-06 -5.161552e-07
3.000000e-02 -2.105774e-06 -5.799591e-07
4.000000e-02 -3.486435e-06 -5.142470e-07
5.000000e-02 -5.206465e-06 -3.190191e-07
6.000000e-02 -7.265864e-06 5.724747e-09
7.000000e-02 -9.664631e-06 4.599844e-07
8.000000e-02 -1.240277e-05 1.043760e-06
9.000000e-02 -1.548027e-05 1.757051e-06
1.000000e-01 -1.889714e-05 2.599859e-06
1.100000e-01 -2.265338e-05 3.572182e-06
1.200000e-01 -2.674899e-05 4.674021e-06
1.300000e-01 -3.118397e-05 5.905376e-06
1.400000e-01 -3.595832e-05 7.266247e-06
1.500000e-01 -4.107203e-05 8.756633e-06
1.600000e-01 -4.652511e-05 1.037654e-05
1.700000e-01 -5.231757e-05 1.212595e-05
1.800000e-01 -5.844939e-05 1.400489e-05
1.900000e-01 -6.492058e-05 1.601334e-05
2.000000e-01 -7.173113e-05 1.815130e-05
2.100000e-01 -7.888106e-05 2.041879e-05
2.200000e-01 -8.637035e-05 2.281578e-05
2.300000e-01 -9.419902e-05 2.534230e-05
2.400000e-01 -1.023670e-04 2.799833e-05
2.500000e-01 -1.108744e-04 3.078387e-05
2.600000e-01 -1.794933e-04 3.550815e-05
2.700000e-01 -2.473318e-04 4.148073e-05
2.800000e-01 -3.143901e-04 4.870162e-05
2.900000e-01 -3.806681e-04 5.717082e-05
3.000000e-01 -4.461658e-04 6.688833e-05
3.100000e-01 -5.108833e-04 7.785414e-05
3.200000e-01 -5.748205e-04 9.006827e-05
3.300000e-01 -6.379774e-04 1.035307e-04
3.400000e-01 -7.003540e-04 1.182414e-04
3.500000e-01 -7.619504e-04 1.342005e-04
3.600000e-01 -8.227666e-04 1.514079e-04
3.700000e-01 -8.828024e-04 1.698635e-04
3.800000e-01 -9.420580e-04 1.895675e-04
3.900000e-01 -1.000533e-03 2.105198e-04
4.000000e-01 -1.058228e-03 2.327204e-04
4.100000e-01 -1.115143e-03 2.561693e-04
4.200000e-01 -1.171278e-03 2.808665e-04
4.300000e-01 -1.226632e-03 3.068120e-04
4.400000e-01 -1.281206e-03 3.340059e-04
4.500000e-01 -1.335000e-03 3.624480e-04
4.600000e-01 -1.388013e-03 3.921384e-04
4.700000e-01 -1.440246e-03 4.230772e-04
4.800000e-01 -1.491699e-03 4.552643e-04
4.900000e-01 -1.542372e-03 4.886996e-04
5.000000e-01 -1.592264e-03 5.233833e-04
5.100000e-01 -1.653420e-03 5.587407e-04
5.200000e-01 -1.714263e-03 5.954637e-04
5.300000e-01 -1.774793e-03 6.335524e-04
5.400000e-01 -1.835010e-03 6.730068e-04
5.500000e-01 -1.894914e-03 7.138269e-04
5.600000e-01 -1.954506e-03 7.560127e-04
5.700000e-01 -2.013784e-03 7.995642e-04
5.800000e-01 -2.072750e-03 8.444814e-04
5.900000e-01 -2.131402e-03 8.907642e-04
6.000000e-01 -2.189742e-03 9.384127e-04
6.100000e-01 -2.247769e-03 9.874270e-04
6.200000e-01 -2.305483e-03 1.037807e-03
6.300000e-01 -2.362884e-03 1.089552e-03
6.400000e-01 -2.419972e-03 1.142664e-03
6.500000e-01 -2.476747e-03 1.197141e-03
6.600000e-01 -2.533209e-03 1.252983e-03
6.700000e-01 -2.589359e-03 1.310192e-03
6.800000e-01 -2.645195e-03 1.368766e-03
6.900000e-01 -2.700719e-03 1.428705e-03
7.000000e-01 -2.755930e-03 1.490011e-03
7.100000e-01 -2.810827e-03 1.552682e-03
7.200000e-01 -2.865412e-03 1.616719e-03
7.300000e-01 -2.919684e-03 1.682121e-03
7.400000e-01 -2.973643e-03 1.748889e-03
7.500000e-01 -3.027289e-03 1.817023e-03
7.600000e-01 -3.191261e-03 1.888988e-03
7.700000e-01 -3.328854e-03 1.953603e-03
7.800000e-01 -3.440068e-03 2.010867e-03
7.900000e-01 -3.524904e-03 2.060781e-03
8.000000e-01 -3.583362e-03 2.103344e-03
8.100000e-01 -3.615441e-03 2.138558e-03
8.200000e-01 -3.621141e-03 2.166420e-03
8.300000e-01 -3.600463e-03 2.186933e-03
8.400000e-01 -3.553407e-03 2.200095e-03
8.500000e-01 -3.479972e-03 2.205907e-03
8.600000e-01 -3.380158e-03 2.204368e-03
8.700000e-01 -3.253967e-03 2.195479e-03
8.800000e-01 -2.686525e-03 2.179583e-03
8.900000e-01 -1.665063e-03 2.154743e-03
9.000000e-01 -6.001948e-04 2.119968e-03
9.100000e-01 5.080804e-04 2.075259e-03
9.200000e-01 1.659762e-03 2.020614e-03
9.300000e-01 2.854851e-03 1.956035e-03
9.400000e-01 4.093346e-03 1.881521e-03
9.500000e-01 5.375248e-03 1.797073e-03
9.600000e-01 6.700556e-03 1.702690e-03
9.700000e-01 8.069271e-03 1.598372e-03
9.800000e-01 9.481393e-03 1.484119e-03
9.900000e-01 1.093692e-02 1.359932e-03
1.000000e+00 1.243586e-02 1.225810e-03
