# y u_x u_y
0.000000e+00 0.000000e+00 0.000000e+00
1.000000e-02 7.603972e-06 2.830058e-07
2.000000e-02 1.499012e-05 1.435098e-06
3.000000e-02 2.215845e-05 3.456278e-06
4.000000e-02 2.910897e-05 6.346544e-06
5.000000e-02 3.584166e-05 1.010590e-05
6.000000e-02 4.235653e-05 1.473434e-05
7.000000e-02 4.865358e-05 2.023186e-05
8.000000e-02 5.473281e-05 2.659848e-05
9.000000e-02 6.059422e-05 3.383418e-05
1.000000e-01 6.623781e-05 4.193897e-05
1.100000e-01 7.166358e-05 5.091284e-05
1.200000e-01 7.687153e-05 6.075580e-05
1.300000e-01 8.186166e-05 7.146785e-05
1.400000e-01 8.663398e-05 8.304899e-05
1.500000e-01 9.118847e-05 9.549921e-05
1.600000e-01 9.552514e-05 1.088185e-04
1.700000e-01 9.964399e-05 1.230069e-04
1.800000e-01 1.035450e-04 1.380644e-04
1.900000e-01 1.072282e-04 1.539910e-04
2.000000e-01 1.106936e-04 1.707866e-04
2.100000e-01 1.139412e-04 1.884514e-04
2.200000e-01 1.169709e-04 2.069852e-04
2.300000e-01 1.197829e-04 2.263881e-04
2.400000e-01 1.223770e-04 2.466601e-04
2.500000e-01 1.247533e-04 2.678012e-04
2.600000e-01 1.316395e-04 2.904603e-04
2.700000e-01 1.396220e-04 3.123489e-04
2.800000e-01 1.487007e-04 3.334669e-04
2.900000e-01 1.588756e-04 3.538144e-04
3.000000e-01 1.701468e-04 3.733913e-04
3.100000e-01 1.825143e-04 3.921976e-04
3.200000e-01 1.959779e-04 4.102334e-04
3.300000e-01 2.105378e-04 4.274987e-04
3.400000e-01 2.261940e-04 4.439934e-04
3.500000e-01 2.429463e-04 4.597175e-04
3.600000e-01 2.607950e-04 4.746711e-04
3.700000e-01 2.797398e-04 4.888541e-04
3.800000e-01 2.997809e-04 5.022666e-04
3.900000e-01 3.209182e-04 5.149085e-04
4.000000e-01 3.431518e-04 5.267798e-04
4.100000e-01 3.664816e-04 5.378806e-04
4.200000e-01 3.909077e-04 5.482109e-04
4.300000e-01 4.164300e-04 5.577706e-04
4.400000e-01 4.430485e-04 5.665597e-04
4.500000e-01 4.707632e-04 5.745783e-04
4.600000e-01 4.995742e-04 5.818263e-04
4.700000e-01 5.294815e-04 5.883038e-04
4.800000e-01 5.604850e-04 5.940107e-04
4.900000e-01 5.925847e-04 5.989471e-04
5.000000e-01 6.257806e-04 6.031129e-04
5.100000e-01 3.611318e-04 6.068867e-04
5.200000e-01 9.534533e-05 6.159749e-04
5.300000e-01 -1.715787e-04 6.303777e-04
5.400000e-01 -4.396402e-04 6.500949e-04
5.500000e-01 -7.088393e-04 6.751266e-04
5.600000e-01 -9.791760e-04 7.054729e-04
5.700000e-01 -1.250650e-03 7.411336e-04
5.800000e-01 -1.523262e-03 7.821088e-04
5.900000e-01 -1.797011e-03 8.283984e-04
6.000000e-01 -2.071898e-03 8.800026e-04
6.100000e-01 -2.347923e-03 9.369213e-04
6.200000e-01 -2.625085e-03 9.991544e-04
6.300000e-01 -2.903384e-03 1.066702e-03
6.400000e-01 -3.182821e-03 1.139564e-03
6.500000e-01 -3.463396e-03 1.217741e-03
6.600000e-01 -3.745108e-03 1.301232e-03
6.700000e-01 -4.027958e-03 1.390038e-03
6.800000e-01 -4.311946e-03 1.484158e-03
6.900000e-01 -4.597071e-03 1.583592e-03
7.000000e-01 -4.883333e-03 1.688341e-03
7.100000e-01 -5.170733e-03 1.798405e-03
7.200000e-01 -5.459271e-03 1.913783e-03
7.300000e-01 -5.748946e-03 2.034475e-03
7.400000e-01 -6.039759e-03 2.160482e-03
7.500000e-01 -6.331709e-03 2.291804e-03
7.600000e-01 -5.852340e-03 2.426710e-03
7.700000e-01 -5.366764e-03 2.548031e-03
7.800000e-01 -4.874981e-03 2.655769e-03
7.900000e-01 -4.376990e-03 2.749923e-03
8.000000e-01 -3.872792e-03 2.830493e-03
8.100000e-01 -3.362386e-03 2.897479e-03
8.200000e-01 -2.845773e-03 2.950881e-03
8.300000e-01 -2.322953e-03 2.990699e-03
8.400000e-01 -1.793926e-03 3.016933e-03
8.500000e-01 -1.258691e-03 3.029583e-03
8.600000e-01 -7.172483e-04 3.028649e-03
8.700000e-01 -1.695986e-04 3.014131e-03
8.800000e-01 3.842584e-04 2.986030e-03
8.900000e-01 9.443228e-04 2.944344e-03
9.000000e-01 1.510595e-03 2.889075e-03
9.100000e-01 2.083074e-03 2.820221e-03
9.200000e-01 2.661760e-03 2.737784e-03
9.300000e-01 3.246654e-03 2.641762e-03
9.400000e-01 3.837755e-03 2.532157e-03
9.500000e-01 4.435064e-03 2.408968e-03
9.600000e-01 5.038579e-03 2.272195e-03
9.700000e-01 5.648303e-03 2.121838e-03
9.800000e-01 6.264233e-03 1.957897e-03
9.900000e-01 6.886371e-03 1.780372e-03
1.000000e+00 7.514716e-03 1.589263e-03
