# y u_x u_y
0.000000e+00 0.000000e+00 0.000000e+00
1.000000e-02 9.900000e-03 -2.374202e-19
2.000000e-02 1.960000e-02 4.191602e-19
3.000000e-02 2.910000e-02 1.969741e-18
4.000000e-02 3.840000e-02 3.924673e-18
5.000000e-02 4.750000e-02 6.706551e-18
6.000000e-02 5.640000e-02 1.038552e-17
7.000000e-02 6.510000e-02 1.870757e-17
8.000000e-02 7.360000e-02 1.492695e-17
9.000000e-02 8.190000e-02 -4.240483e-18
1.000000e-01 9.000000e-02 -2.139239e-17
1.100000e-01 9.790000e-02 -2.360721e-17
1.200000e-01 1.056000e-01 -1.673808e-17
1.300000e-01 1.131000e-01 6.153933e-18
1.400000e-01 1.204000e-01 2.163270e-17
1.500000e-01 1.275000e-01 1.494721e-17
1.600000e-01 1.344000e-01 -2.110282e-17
1.700000e-01 1.411000e-01 -4.285391e-17
1.800000e-01 1.476000e-01 -7.694788e-18
1.900000e-01 1.539000e-01 -1.001233e-18
2.000000e-01 1.600000e-01 -2.420956e-17
2.100000e-01 1.659000e-01 -5.224765e-17
2.200000e-01 1.716000e-01 -7.051151e-17
2.300000e-01 1.771000e-01 6.873484e-18
2.400000e-01 1.824000e-01 7.568908e-18
2.500000e-01 1.875000e-01 1.581360e-18
2.600000e-01 1.924000e-01 2.713728e-17
2.700000e-01 1.971000e-01 3.184805e-17
2.800000e-01 2.016000e-01 3.060995e-17
2.900000e-01 2.059000e-01 1.352334e-17
3.000000e-01 2.100000e-01 3.120719e-17
3.100000e-01 2.139000e-01 6.696641e-17
3.200000e-01 2.176000e-01 3.177147e-17
3.300000e-01 2.211000e-01 -9.730088e-17
3.400000e-01 2.244000e-01 -4.502409e-17
3.500000e-01 2.275000e-01 -6.678399e-17
3.600000e-01 2.304000e-01 3.236214e-17
3.700000e-01 2.331000e-01 1.034304e-16
3.800000e-01 2.356000e-01 7.216693e-17
3.900000e-01 2.379000e-01 6.446069e-17
4.000000e-01 2.400000e-01 5.554832e-17
4.100000e-01 2.419000e-01 2.867661e-17
4.200000e-01 2.436000e-01 5.005884e-17
4.300000e-01 2.451000e-01 8.698563e-17
4.400000e-01 2.464000e-01 -4.205326e-18
4.500000e-01 2.475000e-01 -4.920097e-17
4.600000e-01 2.484000e-01 5.871310e-17
4.700000e-01 2.491000e-01 4.016308e-17
4.800000e-01 2.496000e-01 -7.682717e-17
4.900000e-01 2.499000e-01 -2.483154e-18
5.000000e-01 2.500000e-01 4.886815e-17
5.100000e-01 2.499000e-01 1.990841e-17
5.200000e-01 2.496000e-01 -6.337425e-17
5.300000e-01 2.491000e-01 -1.143605e-17
5.400000e-01 2.484000e-01 -4.072359e-17
5.500000e-01 2.475000e-01 -9.826512e-17
5.600000e-01 2.464000e-01 2.135198e-17
5.700000e-01 2.451000e-01 5.825822e-17
5.800000e-01 2.436000e-01 6.569543e-17
5.900000e-01 2.419000e-01 9.964976e-17
6.000000e-01 2.400000e-01 9.311125e-17
6.100000e-01 2.379000e-01 3.438664e-18
6.200000e-01 2.356000e-01 -2.175757e-17
6.300000e-01 2.331000e-01 -1.523240e-17
6.400000e-01 2.304000e-01 -8.556773e-18
6.500000e-01 2.275000e-01 2.892587e-18
6.600000e-01 2.244000e-01 1.661719e-17
6.700000e-01 2.211000e-01 2.227607e-17
6.800000e-01 2.176000e-01 2.009004e-17
6.900000e-01 2.139000e-01 -2.182264e-17
7.000000e-01 2.100000e-01 -7.256390e-17
7.100000e-01 2.059000e-01 1.334940e-17
7.200000e-01 2.016000e-01 6.399829e-17
7.300000e-01 1.971000e-01 -1.206845e-17
7.400000e-01 1.924000e-01 -6.925959e-17
7.500000e-01 1.875000e-01 -7.294755e-17
7.600000e-01 1.824000e-01 -5.713478e-17
7.700000e-01 1.771000e-01 -7.750893e-18
7.800000e-01 1.716000e-01 -2.596412e-17
7.900000e-01 1.659000e-01 -4.257746e-18
8.000000e-01 1.600000e-01 6.979866e-17
8.100000e-01 1.539000e-01 7.599581e-17
8.200000e-01 1.476000e-01 6.157398e-17
8.300000e-01 1.411000e-01 4.618016e-17
8.400000e-01 1.344000e-01 2.670982e-17
8.500000e-01 1.275000e-01 1.896707e-17
8.600000e-01 1.204000e-01 1.884791e-17
8.700000e-01 1.131000e-01 1.738164e-17
8.800000e-01 1.056000e-01 1.461279e-17
8.900000e-01 9.790000e-02 1.520587e-17
9.000000e-01 9.000000e-02 2.067119e-17
9.100000e-01 8.190000e-02 2.509642e-17
9.200000e-01 7.360000e-02 2.166693e-17
9.300000e-01 6.510000e-02 1.893065e-17
9.400000e-01 5.640000e-02 1.638306e-17
9.500000e-01 4.750000e-02 1.292022e-17
9.600000e-01 3.840000e-02 9.998818e-18
9.700000e-01 2.910000e-02 7.366852e-18
9.800000e-01 1.960000e-02 3.821002e-18
9.900000e-01 9.900000e-03 1.365385e-18
1.000000e+00 0.000000e+00 0.000000e+00
