# y u_x u_y
0.000000e+00 0.000000e+00 0.000000e+00
1.000000e-02 0.000000e+00 0.000000e+00
2.000000e-02 0.000000e+00 0.000000e+00
3.000000e-02 0.000000e+00 0.000000e+00
4.000000e-02 0.000000e+00 0.000000e+00
5.000000e-02 0.000000e+00 0.000000e+00
6.000000e-02 0.000000e+00 0.000000e+00
7.000000e-02 0.000000e+00 0.000000e+00
8.000000e-02 0.000000e+00 0.000000e+00
9.000000e-02 0.000000e+00 0.000000e+00
1.000000e-01 0.000000e+00 0.000000e+00
1.100000e-01 0.000000e+00 0.000000e+00
1.200000e-01 0.000000e+00 0.000000e+00
1.300000e-01 0.000000e+00 0.000000e+00
1.400000e-01 0.000000e+00 0.000000e+00
1.500000e-01 0.000000e+00 0.000000e+00
1.600000e-01 0.000000e+00 0.000000e+00
1.700000e-01 0.000000e+00 0.000000e+00
1.800000e-01 0.000000e+00 0.000000e+00
1.900000e-01 0.000000e+00 0.000000e+00
2.000000e-01 0.000000e+00 0.000000e+00
2.100000e-01 0.000000e+00 0.000000e+00
2.200000e-01 0.000000e+00 0.000000e+00
2.300000e-01 0.000000e+00 0.000000e+00
2.400000e-01 0.000000e+00 0.000000e+00
2.500000e-01 0.000000e+00 0.000000e+00
2.600000e-01 0.000000e+00 0.000000e+00
2.700000e-01 0.000000e+00 0.000000e+00
2.800000e-01 0.000000e+00 0.000000e+00
2.900000e-01 0.000000e+00 0.000000e+00
3.000000e-01 0.000000e+00 0.000000e+00
3.100000e-01 0.000000e+00 0.000000e+00
3.200000e-01 0.000000e+00 0.000000e+00
3.300000e-01 0.000000e+00 0.000000e+00
3.400000e-01 0.000000e+00 0.000000e+00
3.500000e-01 0.000000e+00 0.000000e+00
3.600000e-01 0.000000e+00 0.000000e+00
3.700000e-01 0.000000e+00 0.000000e+00
3.800000e-01 0.000000e+00 0.000000e+00
3.900000e-01 0.000000e+00 0.000000e+00
4.000000e-01 0.000000e+00 0.000000e+00
4.100000e-01 0.000000e+00 0.000000e+00
4.200000e-01 0.000000e+00 0.000000e+00
4.300000e-01 0.000000e+00 0.000000e+00
4.400000e-01 0.000000e+00 0.000000e+00
4.500000e-01 0.000000e+00 0.000000e+00
4.600000e-01 0.000000e+00 0.000000e+00
4.700000e-01 0.000000e+00 0.000000e+00
4.800000e-01 0.000000e+00 0.000000e+00
4.900000e-01 0.000000e+00 0.000000e+00
5.000000e-01 0.000000e+00 0.000000e+00
5.100000e-01 1.980000e-01 1.373515e-15
5.200000e-01 3.920000e-01 3.180993e-15
5.300000e-01 5.820000e-01 5.422434e-15
5.400000e-01 7.680000e-01 8.097838e-15
5.500000e-01 9.500000e-01 1.120721e-14
5.600000e-01 1.128000e+00 1.475054e-14
5.700000e-01 1.302000e+00 1.872783e-14
5.800000e-01 1.472000e+00 2.313909e-14
5.900000e-01 1.638000e+00 2.798431e-14
6.000000e-01 1.800000e+00 3.326349e-14
6.100000e-01 1.958000e+00 3.897664e-14
6.200000e-01 2.112000e+00 4.278220e-14
6.300000e-01 2.262000e+00 4.603636e-14
6.400000e-01 2.408000e+00 4.899108e-14
6.500000e-01 2.550000e+00 5.164636e-14
6.600000e-01 2.688000e+00 5.400220e-14
6.700000e-01 2.822000e+00 5.605859e-14
6.800000e-01 2.952000e+00 5.781553e-14
6.900000e-01 3.078000e+00 5.927304e-14
7.000000e-01 3.200000e+00 6.043110e-14
7.100000e-01 3.318000e+00 6.128972e-14
7.200000e-01 3.432000e+00 6.184889e-14
7.300000e-01 3.542000e+00 6.221431e-14
7.400000e-01 3.648000e+00 6.243878e-14
7.500000e-01 3.750000e+00 6.250812e-14
7.600000e-01 3.848000e+00 6.242233e-14
7.700000e-01 3.942000e+00 6.218143e-14
7.800000e-01 4.032000e+00 6.178541e-14
7.900000e-01 4.118000e+00 6.123426e-14
8.000000e-01 4.200000e+00 6.052799e-14
8.100000e-01 4.278000e+00 5.966660e-14
8.200000e-01 4.352000e+00 5.865008e-14
8.300000e-01 4.422000e+00 5.747845e-14
8.400000e-01 4.488000e+00 5.630779e-14
8.500000e-01 4.550000e+00 5.492372e-14
8.600000e-01 4.608000e+00 5.322092e-14
8.700000e-01 4.662000e+00 5.119939e-14
8.800000e-01 4.712000e+00 4.885913e-14
8.900000e-01 4.758000e+00 4.620014e-14
9.000000e-01 4.800000e+00 4.322242e-14
9.100000e-01 4.838000e+00 3.992596e-14
9.200000e-01 4.872000e+00 3.631078e-14
9.300000e-01 4.902000e+00 3.237687e-14
9.400000e-01 4.928000e+00 2.812423e-14
9.500000e-01 4.950000e+00 2.347080e-14
9.600000e-01 4.968000e+00 1.869958e-14
9.700000e-01 4.982000e+00 1.395239e-14
9.800000e-01 4.992000e+00 9.229232e-15
9.900000e-01 4.998000e+00 4.530104e-15
1.000000e+00 5.000000e+00 -1.449939e-16
