# y u_x u_y
0.000000e+00 9.999191e-01 0.000000e+00
1.000000e-02 9.994704e-01 2.231976e-07
2.000000e-02 9.980061e-01 2.294979e-06
3.000000e-02 9.955359e-01 6.006398e-06
4.000000e-02 9.920693e-01 1.114851e-05
5.000000e-02 9.876160e-01 1.751236e-05
6.000000e-02 9.821855e-01 2.488902e-05
7.000000e-02 9.757873e-01 3.306953e-05
8.000000e-02 9.684311e-01 4.184494e-05
9.000000e-02 9.601265e-01 5.100632e-05
1.000000e-01 9.508829e-01 6.034471e-05
1.100000e-01 9.407100e-01 6.965117e-05
1.200000e-01 9.296174e-01 7.871675e-05
1.300000e-01 9.176146e-01 8.733251e-05
1.400000e-01 9.047113e-01 9.528951e-05
1.500000e-01 8.909169e-01 1.023788e-04
1.600000e-01 8.762410e-01 1.083914e-04
1.700000e-01 8.606933e-01 1.131184e-04
1.800000e-01 8.442834e-01 1.163509e-04
1.900000e-01 8.270207e-01 1.178798e-04
2.000000e-01 8.089148e-01 1.174963e-04
2.100000e-01 7.900053e-01 1.151870e-04
2.200000e-01 7.703228e-01 1.161949e-04
2.300000e-01 7.498892e-01 1.200116e-04
2.400000e-01 7.287265e-01 1.261283e-04
2.500000e-01 7.068566e-01 1.340366e-04
2.600000e-01 6.843015e-01 1.432278e-04
2.700000e-01 6.610832e-01 1.531934e-04
2.800000e-01 6.372237e-01 1.634249e-04
2.900000e-01 6.127448e-01 1.734136e-04
3.000000e-01 5.876686e-01 1.826509e-04
3.100000e-01 5.620170e-01 1.906284e-04
3.200000e-01 5.358120e-01 1.968374e-04
3.300000e-01 5.090755e-01 2.007693e-04
3.400000e-01 4.818295e-01 2.019156e-04
3.500000e-01 4.540960e-01 1.997677e-04
3.600000e-01 4.258969e-01 1.938170e-04
3.700000e-01 3.972542e-01 1.835550e-04
3.800000e-01 3.681899e-01 1.684731e-04
3.900000e-01 3.387259e-01 1.480627e-04
4.000000e-01 3.088841e-01 1.218152e-04
4.100000e-01 2.787377e-01 9.297899e-05
4.200000e-01 2.483559e-01 7.001150e-05
4.300000e-01 2.177647e-01 5.224493e-05
4.400000e-01 1.869906e-01 3.901147e-05
4.500000e-01 1.560595e-01 2.964331e-05
4.600000e-01 1.249978e-01 2.347264e-05
4.700000e-01 9.383159e-02 1.983167e-05
4.800000e-01 6.258707e-02 1.805258e-05
4.900000e-01 3.129043e-02 1.746757e-05
5.000000e-01 -3.212630e-05 1.740883e-05
5.100000e-01 -3.135442e-02 1.720855e-05
5.200000e-01 -6.265025e-02 1.619894e-05
5.300000e-01 -9.389344e-02 1.371218e-05
5.400000e-01 -1.250578e-01 9.080468e-06
5.500000e-01 -1.561171e-01 1.635999e-06
5.600000e-01 -1.870452e-01 -9.289034e-06
5.700000e-01 -2.178160e-01 -2.436244e-05
5.800000e-01 -2.484031e-01 -4.425202e-05
5.900000e-01 -2.787804e-01 -6.962558e-05
6.000000e-01 -3.089218e-01 -1.011509e-04
6.100000e-01 -3.388302e-01 -1.320187e-04
6.200000e-01 -3.683414e-01 -1.550783e-04
6.300000e-01 -3.974354e-01 -1.710530e-04
6.400000e-01 -4.260922e-01 -1.806661e-04
6.500000e-01 -4.542920e-01 -1.846408e-04
6.600000e-01 -4.820149e-01 -1.837003e-04
6.700000e-01 -5.092409e-01 -1.785680e-04
6.800000e-01 -5.359501e-01 -1.699670e-04
6.900000e-01 -5.621226e-01 -1.586207e-04
7.000000e-01 -5.877384e-01 -1.452523e-04
7.100000e-01 -6.127777e-01 -1.305849e-04
7.200000e-01 -6.372205e-01 -1.153420e-04
7.300000e-01 -6.610468e-01 -1.002467e-04
7.400000e-01 -6.842369e-01 -8.602231e-05
7.500000e-01 -7.067707e-01 -7.339204e-05
7.600000e-01 -7.286283e-01 -6.307917e-05
7.700000e-01 -7.497899e-01 -5.580694e-05
7.800000e-01 -7.702354e-01 -5.229862e-05
7.900000e-01 -7.899451e-01 -5.327744e-05
8.000000e-01 -8.088988e-01 -5.946667e-05
8.100000e-01 -8.271125e-01 -6.684657e-05
8.200000e-01 -8.444505e-01 -7.184252e-05
8.300000e-01 -8.609066e-01 -7.467021e-05
8.400000e-01 -8.764750e-01 -7.554534e-05
8.500000e-01 -8.911495e-01 -7.468358e-05
8.600000e-01 -9.049243e-01 -7.230063e-05
8.700000e-01 -9.177932e-01 -6.861218e-05
8.800000e-01 -9.297502e-01 -6.383391e-05
8.900000e-01 -9.407893e-01 -5.818152e-05
9.000000e-01 -9.509046e-01 -5.187069e-05
9.100000e-01 -9.600899e-01 -4.511712e-05
9.200000e-01 -9.683393e-01 -3.813648e-05
9.300000e-01 -9.756468e-01 -3.114448e-05
9.400000e-01 -9.820063e-01 -2.435680e-05
9.500000e-01 -9.874118e-01 -1.798913e-05
9.600000e-01 -9.918573e-01 -1.225715e-05
9.700000e-01 -9.953368e-01 -7.376561e-06
9.800000e-01 -9.978443e-01 -3.563047e-06
9.900000e-01 -9.993738e-01 -1.032297e-06
1.000000e+00 -9.999191e-01 -4.622232e-33
