# y u_x u_y
0.000000e+00 1.000000e+00 0.000000e+00
1.000000e-02 9.995066e-01 4.544676e-13
2.000000e-02 9.980267e-01 4.263721e-13
3.000000e-02 9.955620e-01 4.063902e-13
4.000000e-02 9.921147e-01 7.773607e-13
5.000000e-02 9.876883e-01 1.466492e-12
6.000000e-02 9.822873e-01 1.597061e-12
7.000000e-02 9.759168e-01 1.226882e-12
8.000000e-02 9.685832e-01 1.109746e-12
9.000000e-02 9.602937e-01 1.684217e-12
1.000000e-01 9.510565e-01 2.703158e-12
1.100000e-01 9.408808e-01 2.803560e-12
1.200000e-01 9.297765e-01 2.159007e-12
1.300000e-01 9.177546e-01 1.891091e-12
1.400000e-01 9.048271e-01 2.525033e-12
1.500000e-01 8.910065e-01 3.755005e-12
1.600000e-01 8.763067e-01 3.838047e-12
1.700000e-01 8.607420e-01 2.965886e-12
1.800000e-01 8.443279e-01 2.534285e-12
1.900000e-01 8.270806e-01 3.157883e-12
2.000000e-01 8.090170e-01 4.497436e-12
2.100000e-01 7.901550e-01 4.530428e-12
2.200000e-01 7.705132e-01 3.456288e-12
2.300000e-01 7.501111e-01 2.871762e-12
2.400000e-01 7.289686e-01 3.457262e-12
2.500000e-01 7.071068e-01 4.837080e-12
2.600000e-01 6.845471e-01 4.782684e-12
2.700000e-01 6.613119e-01 3.525266e-12
2.800000e-01 6.374240e-01 2.813460e-12
2.900000e-01 6.129071e-01 3.364762e-12
3.000000e-01 5.877853e-01 4.733626e-12
3.100000e-01 5.620834e-01 4.549695e-12
3.200000e-01 5.358268e-01 3.129653e-12
3.300000e-01 5.090414e-01 2.333022e-12
3.400000e-01 4.817537e-01 2.873545e-12
3.500000e-01 4.539905e-01 4.185024e-12
3.600000e-01 4.257793e-01 3.820751e-12
3.700000e-01 3.971479e-01 2.263863e-12
3.800000e-01 3.681246e-01 1.437271e-12
3.900000e-01 3.387379e-01 1.996597e-12
4.000000e-01 3.090170e-01 3.192053e-12
4.100000e-01 2.789911e-01 2.577789e-12
4.200000e-01 2.486899e-01 9.104913e-13
4.300000e-01 2.181432e-01 1.299936e-13
4.400000e-01 1.873813e-01 7.427920e-13
4.500000e-01 1.564345e-01 1.711454e-12
4.600000e-01 1.253332e-01 7.854349e-13
4.700000e-01 9.410831e-02 -7.923784e-13
4.800000e-01 6.279052e-02 -1.130454e-12
4.900000e-01 3.141076e-02 -4.021223e-14
5.000000e-01 9.980048e-14 9.082196e-13
5.100000e-01 -3.141076e-02 1.602818e-13
5.200000e-01 -6.279052e-02 -6.078455e-13
5.300000e-01 -9.410831e-02 -6.070306e-13
5.400000e-01 -1.253332e-01 -3.280215e-13
5.500000e-01 -1.564345e-01 -5.177423e-13
5.600000e-01 -1.873813e-01 -1.273470e-12
5.700000e-01 -2.181432e-01 -1.805303e-12
5.800000e-01 -2.486899e-01 -2.045251e-12
5.900000e-01 -2.789911e-01 -2.288504e-12
6.000000e-01 -3.090170e-01 -2.609383e-12
6.100000e-01 -3.387379e-01 -2.842271e-12
6.200000e-01 -3.681246e-01 -3.035932e-12
6.300000e-01 -3.971479e-01 -3.357258e-12
6.400000e-01 -4.257793e-01 -3.852902e-12
6.500000e-01 -4.539905e-01 -4.132261e-12
6.600000e-01 -4.817537e-01 -3.973050e-12
6.700000e-01 -5.090414e-01 -3.965200e-12
6.800000e-01 -5.358268e-01 -4.344953e-12
6.900000e-01 -5.620834e-01 -4.976918e-12
7.000000e-01 -5.877853e-01 -5.168925e-12
7.100000e-01 -6.129071e-01 -4.710582e-12
7.200000e-01 -6.374240e-01 -4.549654e-12
7.300000e-01 -6.613119e-01 -4.939274e-12
7.400000e-01 -6.845471e-01 -5.619971e-12
7.500000e-01 -7.071068e-01 -5.711427e-12
7.600000e-01 -7.289686e-01 -5.022298e-12
7.700000e-01 -7.501111e-01 -4.721793e-12
7.800000e-01 -7.705132e-01 -5.070440e-12
7.900000e-01 -7.901550e-01 -5.729974e-12
8.000000e-01 -8.090170e-01 -5.724367e-12
8.100000e-01 -8.270806e-01 -4.867019e-12
8.200000e-01 -8.443279e-01 -4.434024e-12
8.300000e-01 -8.607420e-01 -4.690044e-12
8.400000e-01 -8.763067e-01 -5.266651e-12
8.500000e-01 -8.910065e-01 -5.177390e-12
8.600000e-01 -9.048271e-01 -4.226191e-12
8.700000e-01 -9.177546e-01 -3.676990e-12
8.800000e-01 -9.297765e-01 -3.798787e-12
8.900000e-01 -9.408808e-01 -4.225442e-12
9.000000e-01 -9.510565e-01 -4.059745e-12
9.100000e-01 -9.602937e-01 -3.114968e-12
9.200000e-01 -9.685832e-01 -2.501986e-12
9.300000e-01 -9.759168e-01 -2.460014e-12
9.400000e-01 -9.822873e-01 -2.639794e-12
9.500000e-01 -9.876883e-01 -2.368047e-12
9.600000e-01 -9.921147e-01 -1.565145e-12
9.700000e-01 -9.955620e-01 -1.025022e-12
9.800000e-01 -9.980267e-01 -8.407046e-13
9.900000e-01 -9.995066e-01 -6.611800e-13
1.000000e+00 -1.000000e+00 -1.333439e-32
