# y u_x u_y
0.000000e+00 1.000000e+00 0.000000e+00
1.000000e-02 9.995067e-01 2.143473e-10
2.000000e-02 9.980268e-01 -1.141825e-10
3.000000e-02 9.955619e-01 -3.971383e-10
4.000000e-02 9.921145e-01 -2.542220e-10
5.000000e-02 9.876882e-01 4.867118e-10
6.000000e-02 9.822871e-01 1.789655e-09
7.000000e-02 9.759167e-01 3.410448e-09
8.000000e-02 9.685833e-01 4.896777e-09
9.000000e-02 9.602938e-01 5.588176e-09
1.000000e-01 9.510565e-01 4.616025e-09
1.100000e-01 9.408809e-01 1.836581e-09
1.200000e-01 9.297766e-01 -9.026028e-10
1.300000e-01 9.177546e-01 -2.816885e-09
1.400000e-01 9.048269e-01 -3.437552e-09
1.500000e-01 8.910063e-01 -2.611825e-09
1.600000e-01 8.763066e-01 -5.028530e-10
1.700000e-01 8.607420e-01 2.410284e-09
1.800000e-01 8.443280e-01 5.332574e-09
1.900000e-01 8.270807e-01 7.153074e-09
2.000000e-01 8.090170e-01 6.444912e-09
2.100000e-01 7.901552e-01 2.737948e-09
2.200000e-01 7.705133e-01 -1.344966e-09
2.300000e-01 7.501110e-01 -4.576962e-09
2.400000e-01 7.289685e-01 -6.180677e-09
2.500000e-01 7.071066e-01 -5.828250e-09
2.600000e-01 6.845470e-01 -3.641329e-09
2.700000e-01 6.613119e-01 -1.910619e-10
2.800000e-01 6.374241e-01 3.501895e-09
2.900000e-01 6.129072e-01 5.967383e-09
3.000000e-01 5.877853e-01 5.285738e-09
3.100000e-01 5.620835e-01 1.147330e-09
3.200000e-01 5.358268e-01 -3.396945e-09
3.300000e-01 5.090413e-01 -7.057676e-09
3.400000e-01 4.817535e-01 -9.007702e-09
3.500000e-01 4.539904e-01 -8.882110e-09
3.600000e-01 4.257792e-01 -6.778239e-09
3.700000e-01 3.971479e-01 -3.255675e-09
3.800000e-01 3.681246e-01 6.637477e-10
3.900000e-01 3.387380e-01 3.495943e-09
4.000000e-01 3.090170e-01 3.294578e-09
4.100000e-01 2.789912e-01 1.632616e-10
4.200000e-01 2.486899e-01 -3.136396e-09
4.300000e-01 2.181432e-01 -5.682006e-09
4.400000e-01 1.873812e-01 -6.892092e-09
4.500000e-01 1.564344e-01 -6.526089e-09
4.600000e-01 1.253332e-01 -4.684341e-09
4.700000e-01 9.410837e-02 -1.808108e-09
4.800000e-01 6.279059e-02 1.320440e-09
4.900000e-01 3.141078e-02 3.578224e-09
5.000000e-01 3.410545e-09 3.501249e-09
5.100000e-01 -3.141068e-02 1.810008e-09
5.200000e-01 -6.279052e-02 4.724702e-10
5.300000e-01 -9.410839e-02 -3.033102e-10
5.400000e-01 -1.253333e-01 -4.320884e-10
5.500000e-01 -1.564345e-01 4.856916e-11
5.600000e-01 -1.873813e-01 9.782855e-10
5.700000e-01 -2.181432e-01 2.073873e-09
5.800000e-01 -2.486898e-01 2.929333e-09
5.900000e-01 -2.789911e-01 3.015858e-09
6.000000e-01 -3.090170e-01 1.681826e-09
6.100000e-01 -3.387379e-01 4.021989e-10
6.200000e-01 -3.681246e-01 2.629941e-10
6.300000e-01 -3.971479e-01 7.173714e-10
6.400000e-01 -4.257793e-01 1.313127e-09
6.500000e-01 -4.539905e-01 1.692695e-09
6.600000e-01 -4.817536e-01 1.593144e-09
6.700000e-01 -5.090413e-01 8.461825e-10
6.800000e-01 -5.358268e-01 -6.218474e-10
6.900000e-01 -5.620834e-01 -2.789964e-09
7.000000e-01 -5.877852e-01 -5.542552e-09
7.100000e-01 -6.129071e-01 -6.845697e-09
7.200000e-01 -6.374241e-01 -6.322187e-09
7.300000e-01 -6.613119e-01 -4.994119e-09
7.400000e-01 -6.845471e-01 -3.659840e-09
7.500000e-01 -7.071067e-01 -2.893952e-09
7.600000e-01 -7.289685e-01 -3.047305e-09
7.700000e-01 -7.501110e-01 -4.246999e-09
7.800000e-01 -7.705133e-01 -6.396389e-09
7.900000e-01 -7.901551e-01 -9.175077e-09
8.000000e-01 -8.090170e-01 -1.203892e-08
8.100000e-01 -8.270807e-01 -1.294799e-08
8.200000e-01 -8.443280e-01 -1.194112e-08
8.300000e-01 -8.607420e-01 -1.006399e-08
8.400000e-01 -8.763066e-01 -8.132788e-09
8.500000e-01 -8.910064e-01 -6.734160e-09
8.600000e-01 -9.048269e-01 -6.225245e-09
8.700000e-01 -9.177546e-01 -6.733661e-09
8.800000e-01 -9.297765e-01 -8.157507e-09
8.900000e-01 -9.408809e-01 -1.016536e-08
9.000000e-01 -9.510565e-01 -1.219629e-08
9.100000e-01 -9.602938e-01 -1.281522e-08
9.200000e-01 -9.685833e-01 -1.203955e-08
9.300000e-01 -9.759167e-01 -1.043816e-08
9.400000e-01 -9.822871e-01 -8.466169e-09
9.500000e-01 -9.876882e-01 -6.464886e-09
9.600000e-01 -9.921146e-01 -4.661842e-09
9.700000e-01 -9.955619e-01 -3.170776e-09
9.800000e-01 -9.980268e-01 -1.991637e-09
9.900000e-01 -9.995067e-01 -1.010588e-09
1.000000e+00 -1.000000e+00 -1.333451e-32
