# y u_x u_y
0.000000e+00 1.000000e+00 0.000000e+00
1.000000e-02 9.995133e-01 -8.566666e-08
2.000000e-02 9.980358e-01 -1.821875e-07
3.000000e-02 9.955703e-01 -2.753204e-07
4.000000e-02 9.921203e-01 -3.532101e-07
5.000000e-02 9.876902e-01 -4.063882e-07
6.000000e-02 9.822852e-01 -4.277729e-07
7.000000e-02 9.759112e-01 -4.126693e-07
8.000000e-02 9.685749e-01 -3.587692e-07
9.000000e-02 9.602839e-01 -2.661512e-07
1.000000e-01 9.510465e-01 -1.372807e-07
1.100000e-01 9.408718e-01 2.299016e-08
1.200000e-01 9.297697e-01 2.074225e-07
1.300000e-01 9.177509e-01 4.063906e-07
1.400000e-01 9.048269e-01 6.078821e-07
1.500000e-01 8.910098e-01 7.974977e-07
1.600000e-01 8.763129e-01 9.584513e-07
1.700000e-01 8.607499e-01 1.071570e-06
1.800000e-01 8.443355e-01 1.115295e-06
1.900000e-01 8.270851e-01 1.065679e-06
2.000000e-01 8.090150e-01 8.963898e-07
2.100000e-01 7.901592e-01 6.456511e-07
2.200000e-01 7.705193e-01 3.838178e-07
2.300000e-01 7.501161e-01 1.328128e-07
2.400000e-01 7.289711e-01 -8.904165e-08
2.500000e-01 7.071060e-01 -2.670240e-07
2.600000e-01 6.845432e-01 -3.900134e-07
2.700000e-01 6.613054e-01 -4.504895e-07
2.800000e-01 6.374160e-01 -4.445327e-07
2.900000e-01 6.128986e-01 -3.718239e-07
3.000000e-01 5.877774e-01 -2.356448e-07
3.100000e-01 5.620771e-01 -4.287770e-08
3.200000e-01 5.358228e-01 1.959946e-07
3.300000e-01 5.090402e-01 4.668885e-07
3.400000e-01 4.817553e-01 7.521198e-07
3.500000e-01 4.539945e-01 1.030404e-06
3.600000e-01 4.257851e-01 1.276855e-06
3.700000e-01 3.971544e-01 1.462987e-06
3.800000e-01 3.681303e-01 1.556713e-06
3.900000e-01 3.387414e-01 1.522347e-06
4.000000e-01 3.090164e-01 1.320599e-06
4.100000e-01 2.789941e-01 1.032812e-06
4.200000e-01 2.486935e-01 7.395955e-07
4.300000e-01 2.181458e-01 4.539845e-07
4.400000e-01 1.873820e-01 1.869668e-07
4.500000e-01 1.564332e-01 -5.251700e-08
4.600000e-01 1.253303e-01 -2.575744e-07
4.700000e-01 9.410438e-02 -4.233601e-07
4.800000e-01 6.278627e-02 -5.470768e-07
4.900000e-01 3.140687e-02 -6.279746e-07
5.000000e-01 -2.984712e-06 -6.673511e-07
5.100000e-01 -3.141248e-02 -6.685517e-07
5.200000e-01 -6.279084e-02 -6.369694e-07
5.300000e-01 -9.410733e-02 -5.800447e-07
5.400000e-01 -1.253313e-01 -5.072658e-07
5.500000e-01 -1.564320e-01 -4.301684e-07
5.600000e-01 -1.873789e-01 -3.623360e-07
5.700000e-01 -2.181413e-01 -3.193995e-07
5.800000e-01 -2.486888e-01 -3.190376e-07
5.900000e-01 -2.789908e-01 -3.809764e-07
6.000000e-01 -3.090169e-01 -5.269898e-07
6.100000e-01 -3.387385e-01 -6.770230e-07
6.200000e-01 -3.681260e-01 -7.528304e-07
6.300000e-01 -3.971501e-01 -7.687735e-07
6.400000e-01 -4.257818e-01 -7.381715e-07
6.500000e-01 -4.539929e-01 -6.733013e-07
6.600000e-01 -4.817553e-01 -5.853977e-07
6.700000e-01 -5.090420e-01 -4.846530e-07
6.800000e-01 -5.358260e-01 -3.802172e-07
6.900000e-01 -5.620812e-01 -2.801982e-07
7.000000e-01 -5.877819e-01 -1.916615e-07
7.100000e-01 -6.129029e-01 -1.206302e-07
7.200000e-01 -6.374196e-01 -7.208537e-08
7.300000e-01 -6.613078e-01 -4.996559e-08
7.400000e-01 -6.845440e-01 -5.716721e-08
7.500000e-01 -7.071052e-01 -9.554428e-08
7.600000e-01 -7.289687e-01 -1.659086e-07
7.700000e-01 -7.501127e-01 -2.680296e-07
7.800000e-01 -7.705157e-01 -4.006346e-07
7.900000e-01 -7.901568e-01 -5.614083e-07
8.000000e-01 -8.090155e-01 -7.469935e-07
8.100000e-01 -8.270843e-01 -8.994897e-07
8.200000e-01 -8.443341e-01 -9.496421e-07
8.300000e-01 -8.607484e-01 -9.199427e-07
8.400000e-01 -8.763118e-01 -8.308208e-07
8.500000e-01 -8.910093e-01 -7.006434e-07
8.600000e-01 -9.048270e-01 -5.457150e-07
8.700000e-01 -9.177517e-01 -3.802780e-07
8.800000e-01 -9.297710e-01 -2.165121e-07
8.900000e-01 -9.408735e-01 -6.453498e-08
9.000000e-01 -9.510483e-01 6.759839e-08
9.100000e-01 -9.602856e-01 1.738952e-07
9.200000e-01 -9.685762e-01 2.504252e-07
9.300000e-01 -9.759120e-01 2.953204e-07
9.400000e-01 -9.822853e-01 3.087751e-07
9.500000e-01 -9.876896e-01 2.930461e-07
9.600000e-01 -9.921191e-01 2.524526e-07
9.700000e-01 -9.955686e-01 1.933762e-07
9.800000e-01 -9.980341e-01 1.242606e-07
9.900000e-01 -9.995121e-01 5.561237e-08
1.000000e+00 -1.000000e+00 -1.760638e-32
