# y u_x u_y
0.000000e+00 1.000000e+00 0.000000e+00
1.000000e-02 9.995066e-01 -2.258544e-15
2.000000e-02 9.980267e-01 9.338825e-16
3.000000e-02 9.955620e-01 -2.269029e-15
4.000000e-02 9.921147e-01 6.209493e-16
5.000000e-02 9.876883e-01 -1.015580e-15
6.000000e-02 9.822873e-01 -2.976073e-15
7.000000e-02 9.759168e-01 -4.066160e-16
8.000000e-02 9.685832e-01 -3.766711e-15
9.000000e-02 9.602937e-01 -6.095056e-16
1.000000e-01 9.510565e-01 -2.225962e-15
1.100000e-01 9.408808e-01 -4.164464e-15
1.200000e-01 9.297765e-01 -1.679699e-15
1.300000e-01 9.177546e-01 -5.040692e-15
1.400000e-01 9.048271e-01 -2.204538e-15
1.500000e-01 8.910065e-01 -3.476725e-15
1.600000e-01 8.763067e-01 -5.296108e-15
1.700000e-01 8.607420e-01 -3.101440e-15
1.800000e-01 8.443279e-01 -6.126490e-15
1.900000e-01 8.270806e-01 -3.871096e-15
2.000000e-01 8.090170e-01 -4.648259e-15
2.100000e-01 7.901550e-01 -6.234330e-15
2.200000e-01 7.705132e-01 -4.674125e-15
2.300000e-01 7.501111e-01 -7.566109e-15
2.400000e-01 7.289686e-01 -5.569731e-15
2.500000e-01 7.071068e-01 -6.222724e-15
2.600000e-01 6.845471e-01 -7.323243e-15
2.700000e-01 6.613119e-01 -6.609768e-15
2.800000e-01 6.374240e-01 -9.169769e-15
2.900000e-01 6.129071e-01 -7.697662e-15
3.000000e-01 5.877853e-01 -7.638633e-15
3.100000e-01 5.620834e-01 -8.362471e-15
3.200000e-01 5.358268e-01 -8.174368e-15
3.300000e-01 5.090414e-01 -1.042641e-14
3.400000e-01 4.817537e-01 -9.506533e-15
3.500000e-01 4.539905e-01 -9.068981e-15
3.600000e-01 4.257793e-01 -9.352567e-15
3.700000e-01 3.971479e-01 -9.468665e-15
3.800000e-01 3.681246e-01 -1.131486e-14
3.900000e-01 3.387379e-01 -1.086200e-14
4.000000e-01 3.090170e-01 -1.010079e-14
4.100000e-01 2.789911e-01 -9.768401e-15
4.200000e-01 2.486899e-01 -1.026757e-14
4.300000e-01 2.181432e-01 -1.171465e-14
4.400000e-01 1.873813e-01 -1.165095e-14
4.500000e-01 1.564345e-01 -1.059134e-14
4.600000e-01 1.253332e-01 -9.918538e-15
4.700000e-01 9.410831e-02 -1.057961e-14
4.800000e-01 6.279052e-02 -1.168408e-14
4.900000e-01 3.141076e-02 -1.188062e-14
5.000000e-01 2.733943e-14 -1.067970e-14
5.100000e-01 -3.141076e-02 -9.760835e-15
5.200000e-01 -6.279052e-02 -1.046343e-14
5.300000e-01 -9.410831e-02 -1.135489e-14
5.400000e-01 -1.253332e-01 -1.170785e-14
5.500000e-01 -1.564345e-01 -1.053826e-14
5.600000e-01 -1.873813e-01 -9.473117e-15
5.700000e-01 -2.181432e-01 -1.002988e-14
5.800000e-01 -2.486899e-01 -1.084702e-14
5.900000e-01 -2.789911e-01 -1.122594e-14
6.000000e-01 -3.090170e-01 -1.022074e-14
6.100000e-01 -3.387379e-01 -9.221481e-15
6.200000e-01 -3.681246e-01 -9.512741e-15
6.300000e-01 -3.971479e-01 -1.042913e-14
6.400000e-01 -4.257793e-01 -1.058820e-14
6.500000e-01 -4.539905e-01 -9.828538e-15
6.600000e-01 -4.817537e-01 -9.062904e-15
6.700000e-01 -5.090414e-01 -8.893094e-15
6.800000e-01 -5.358268e-01 -9.912559e-15
6.900000e-01 -5.620834e-01 -9.840211e-15
7.000000e-01 -5.877853e-01 -9.448036e-15
7.100000e-01 -6.129071e-01 -8.766015e-15
7.200000e-01 -6.374240e-01 -8.109320e-15
7.300000e-01 -6.613119e-01 -9.267125e-15
7.400000e-01 -6.845471e-01 -8.767035e-15
7.500000e-01 -7.071068e-01 -8.674045e-15
7.600000e-01 -7.289686e-01 -8.432969e-15
7.700000e-01 -7.501111e-01 -7.040894e-15
7.800000e-01 -7.705132e-01 -8.573408e-15
7.900000e-01 -7.901550e-01 -7.243540e-15
8.000000e-01 -8.090170e-01 -7.765315e-15
8.100000e-01 -8.270806e-01 -7.636330e-15
8.200000e-01 -8.443279e-01 -5.756395e-15
8.300000e-01 -8.607420e-01 -7.226151e-15
8.400000e-01 -8.763067e-01 -5.366723e-15
8.500000e-01 -8.910065e-01 -6.137492e-15
8.600000e-01 -9.048271e-01 -6.484737e-15
8.700000e-01 -9.177546e-01 -3.949013e-15
8.800000e-01 -9.297765e-01 -5.720518e-15
8.900000e-01 -9.408808e-01 -3.096901e-15
9.000000e-01 -9.510565e-01 -4.218088e-15
9.100000e-01 -9.602937e-01 -4.935289e-15
9.200000e-01 -9.685832e-01 -1.914918e-15
9.300000e-01 -9.759168e-01 -4.325555e-15
9.400000e-01 -9.822873e-01 -1.206959e-15
9.500000e-01 -9.876883e-01 -2.488189e-15
9.600000e-01 -9.921147e-01 -3.451691e-15
9.700000e-01 -9.955620e-01 -2.081462e-16
9.800000e-01 -9.980267e-01 -2.571529e-15
9.900000e-01 -9.995066e-01 1.115747e-15
1.000000e+00 -1.000000e+00 -1.333439e-32
