# y u_x u_y
0.000000e+00 1.000000e+00 0.000000e+00
1.000000e-02 9.995065e-01 -4.771029e-10
2.000000e-02 9.980267e-01 -9.465732e-10
3.000000e-02 9.955619e-01 -1.417413e-09
4.000000e-02 9.921147e-01 -1.892003e-09
5.000000e-02 9.876883e-01 -2.369930e-09
6.000000e-02 9.822872e-01 -2.849447e-09
7.000000e-02 9.759168e-01 -3.327230e-09
8.000000e-02 9.685831e-01 -3.797992e-09
9.000000e-02 9.602936e-01 -4.258053e-09
1.000000e-01 9.510565e-01 -4.703399e-09
1.100000e-01 9.408807e-01 -5.129689e-09
1.200000e-01 9.297764e-01 -5.532668e-09
1.300000e-01 9.177546e-01 -5.910931e-09
1.400000e-01 9.048271e-01 -6.262429e-09
1.500000e-01 8.910064e-01 -6.583960e-09
1.600000e-01 8.763066e-01 -6.875300e-09
1.700000e-01 8.607420e-01 -7.136381e-09
1.800000e-01 8.443279e-01 -7.366373e-09
1.900000e-01 8.270805e-01 -7.563043e-09
2.000000e-01 8.090170e-01 -7.728465e-09
2.100000e-01 7.901551e-01 -7.862582e-09
2.200000e-01 7.705131e-01 -7.963729e-09
2.300000e-01 7.501110e-01 -8.032305e-09
2.400000e-01 7.289687e-01 -8.069607e-09
2.500000e-01 7.071068e-01 -8.075743e-09
2.600000e-01 6.845470e-01 -8.047917e-09
2.700000e-01 6.613118e-01 -7.989313e-09
2.800000e-01 6.374241e-01 -7.900227e-09
2.900000e-01 6.129070e-01 -7.779797e-09
3.000000e-01 5.877852e-01 -7.628127e-09
3.100000e-01 5.620834e-01 -7.447456e-09
3.200000e-01 5.358268e-01 -7.238456e-09
3.300000e-01 5.090413e-01 -6.999622e-09
3.400000e-01 4.817536e-01 -6.733854e-09
3.500000e-01 4.539906e-01 -6.442526e-09
3.600000e-01 4.257792e-01 -6.126045e-09
3.700000e-01 3.971478e-01 -5.784709e-09
3.800000e-01 3.681246e-01 -5.421545e-09
3.900000e-01 3.387380e-01 -5.037912e-09
4.000000e-01 3.090169e-01 -4.633929e-09
4.100000e-01 2.789911e-01 -4.212114e-09
4.200000e-01 2.486900e-01 -3.774618e-09
4.300000e-01 2.181432e-01 -3.322886e-09
4.400000e-01 1.873812e-01 -2.857790e-09
4.500000e-01 1.564345e-01 -2.382381e-09
4.600000e-01 1.253333e-01 -1.898443e-09
4.700000e-01 9.410820e-02 -1.407382e-09
4.800000e-01 6.279047e-02 -9.113801e-10
4.900000e-01 3.141086e-02 -4.126652e-10
5.000000e-01 1.622530e-08 8.689865e-11
5.100000e-01 -3.141087e-02 5.854483e-10
5.200000e-01 -6.279049e-02 1.080802e-09
5.300000e-01 -9.410820e-02 1.571113e-09
5.400000e-01 -1.253333e-01 2.054317e-09
5.500000e-01 -1.564345e-01 2.528314e-09
5.600000e-01 -1.873812e-01 2.991562e-09
5.700000e-01 -2.181432e-01 3.442333e-09
5.800000e-01 -2.486900e-01 3.877905e-09
5.900000e-01 -2.789911e-01 4.297254e-09
6.000000e-01 -3.090169e-01 4.698969e-09
6.100000e-01 -3.387380e-01 5.081065e-09
6.200000e-01 -3.681246e-01 5.441224e-09
6.300000e-01 -3.971478e-01 5.779203e-09
6.400000e-01 -4.257792e-01 6.093723e-09
6.500000e-01 -4.539906e-01 6.382016e-09
6.600000e-01 -4.817537e-01 6.643733e-09
6.700000e-01 -5.090413e-01 6.878447e-09
6.800000e-01 -5.358268e-01 7.084864e-09
6.900000e-01 -5.620834e-01 7.260282e-09
7.000000e-01 -5.877852e-01 7.406025e-09
7.100000e-01 -6.129070e-01 7.521450e-09
7.200000e-01 -6.374241e-01 7.604458e-09
7.300000e-01 -6.613119e-01 7.654955e-09
7.400000e-01 -6.845470e-01 7.673798e-09
7.500000e-01 -7.071068e-01 7.660826e-09
7.600000e-01 -7.289687e-01 7.613233e-09
7.700000e-01 -7.501110e-01 7.533981e-09
7.800000e-01 -7.705131e-01 7.423439e-09
7.900000e-01 -7.901551e-01 7.281016e-09
8.000000e-01 -8.090170e-01 7.107210e-09
8.100000e-01 -8.270805e-01 6.904711e-09
8.200000e-01 -8.443279e-01 6.674908e-09
8.300000e-01 -8.607420e-01 6.417372e-09
8.400000e-01 -8.763066e-01 6.136030e-09
8.500000e-01 -8.910064e-01 5.833529e-09
8.600000e-01 -9.048271e-01 5.511765e-09
8.700000e-01 -9.177546e-01 5.172661e-09
8.800000e-01 -9.297764e-01 4.820644e-09
8.900000e-01 -9.408807e-01 4.458454e-09
9.000000e-01 -9.510565e-01 4.087448e-09
9.100000e-01 -9.602936e-01 3.710761e-09
9.200000e-01 -9.685831e-01 3.330545e-09
9.300000e-01 -9.759168e-01 2.947522e-09
9.400000e-01 -9.822872e-01 2.560895e-09
9.500000e-01 -9.876883e-01 2.170528e-09
9.600000e-01 -9.921147e-01 1.773743e-09
9.700000e-01 -9.955619e-01 1.365832e-09
9.800000e-01 -9.980267e-01 9.404396e-10
9.900000e-01 -9.995065e-01 4.890727e-10
1.000000e+00 -1.000000e+00 -7.498799e-33
