# y u_x u_y
0.000000e+00 1.000000e+00 0.000000e+00
1.000000e-02 9.995055e-01 -7.171248e-09
2.000000e-02 9.980257e-01 -1.413752e-08
3.000000e-02 9.955617e-01 -2.121865e-08
4.000000e-02 9.921136e-01 -2.839535e-08
5.000000e-02 9.876875e-01 -3.571024e-08
6.000000e-02 9.822869e-01 -4.309695e-08
7.000000e-02 9.759156e-01 -5.047721e-08
8.000000e-02 9.685826e-01 -5.782707e-08
9.000000e-02 9.602932e-01 -6.499533e-08
1.000000e-01 9.510553e-01 -7.194661e-08
1.100000e-01 9.408806e-01 -7.865980e-08
1.200000e-01 9.297759e-01 -8.494996e-08
1.300000e-01 9.177534e-01 -9.088682e-08
1.400000e-01 9.048272e-01 -9.644247e-08
1.500000e-01 8.910058e-01 -1.014509e-07
1.600000e-01 8.763056e-01 -1.060539e-07
1.700000e-01 8.607422e-01 -1.101821e-07
1.800000e-01 8.443270e-01 -1.137546e-07
1.900000e-01 8.270797e-01 -1.169063e-07
2.000000e-01 8.090171e-01 -1.195187e-07
2.100000e-01 7.901540e-01 -1.216097e-07
2.200000e-01 7.705128e-01 -1.232819e-07
2.300000e-01 7.501110e-01 -1.243581e-07
2.400000e-01 7.289675e-01 -1.249648e-07
2.500000e-01 7.071071e-01 -1.251578e-07
2.600000e-01 6.845469e-01 -1.247047e-07
2.700000e-01 6.613107e-01 -1.238432e-07
2.800000e-01 6.374245e-01 -1.225255e-07
2.900000e-01 6.129066e-01 -1.206297e-07
3.000000e-01 5.877842e-01 -1.183421e-07
3.100000e-01 5.620839e-01 -1.155695e-07
3.200000e-01 5.358261e-01 -1.123011e-07
3.300000e-01 5.090407e-01 -1.086682e-07
3.400000e-01 4.817541e-01 -1.045436e-07
3.500000e-01 4.539896e-01 -1.000161e-07
3.600000e-01 4.257792e-01 -9.516362e-08
3.700000e-01 3.971482e-01 -8.983986e-08
3.800000e-01 3.681235e-01 -8.421133e-08
3.900000e-01 3.387384e-01 -7.829134e-08
4.000000e-01 3.090170e-01 -7.198489e-08
4.100000e-01 2.789900e-01 -6.545332e-08
4.200000e-01 2.486907e-01 -5.866815e-08
4.300000e-01 2.181430e-01 -5.162229e-08
4.400000e-01 1.873804e-01 -4.441810e-08
4.500000e-01 1.564353e-01 -3.702369e-08
4.600000e-01 1.253327e-01 -2.948724e-08
4.700000e-01 9.410785e-02 -2.186449e-08
4.800000e-01 6.279128e-02 -1.413963e-08
4.900000e-01 3.141001e-02 -6.378217e-09
5.000000e-01 2.587818e-07 1.394731e-09
5.100000e-01 -3.141020e-02 9.159149e-09
5.200000e-01 -6.279138e-02 1.687254e-08
5.300000e-01 -9.410756e-02 2.451521e-08
5.400000e-01 -1.253329e-01 3.203428e-08
5.500000e-01 -1.564353e-01 3.942875e-08
5.600000e-01 -1.873803e-01 4.665360e-08
5.700000e-01 -2.181432e-01 5.366353e-08
5.800000e-01 -2.486905e-01 6.047943e-08
5.900000e-01 -2.789901e-01 6.701443e-08
6.000000e-01 -3.090173e-01 7.326912e-08
6.100000e-01 -3.387381e-01 7.926659e-08
6.200000e-01 -3.681236e-01 8.486477e-08
6.300000e-01 -3.971483e-01 9.014359e-08
6.400000e-01 -4.257788e-01 9.509144e-08
6.500000e-01 -4.539898e-01 9.955741e-08
6.600000e-01 -4.817542e-01 1.036715e-07
6.700000e-01 -5.090405e-01 1.073630e-07
6.800000e-01 -5.358263e-01 1.105492e-07
6.900000e-01 -5.620838e-01 1.133460e-07
7.000000e-01 -5.877842e-01 1.156317e-07
7.100000e-01 -6.129068e-01 1.174150e-07
7.200000e-01 -6.374242e-01 1.187825e-07
7.300000e-01 -6.613108e-01 1.195602e-07
7.400000e-01 -6.845470e-01 1.198620e-07
7.500000e-01 -7.071067e-01 1.197353e-07
7.600000e-01 -7.289676e-01 1.189588e-07
7.700000e-01 -7.501111e-01 1.177557e-07
7.800000e-01 -7.705126e-01 1.160823e-07
7.900000e-01 -7.901541e-01 1.138271e-07
8.000000e-01 -8.090171e-01 1.111716e-07
8.100000e-01 -8.270797e-01 1.080383e-07
8.200000e-01 -8.443272e-01 1.044271e-07
8.300000e-01 -8.607421e-01 1.004778e-07
8.400000e-01 -8.763056e-01 9.609118e-08
8.500000e-01 -8.910059e-01 9.136852e-08
8.600000e-01 -9.048271e-01 8.640930e-08
8.700000e-01 -9.177535e-01 8.110287e-08
8.800000e-01 -9.297760e-01 7.562628e-08
8.900000e-01 -9.408806e-01 7.001797e-08
9.000000e-01 -9.510554e-01 6.420814e-08
9.100000e-01 -9.602932e-01 5.835651e-08
9.200000e-01 -9.685826e-01 5.243709e-08
9.300000e-01 -9.759157e-01 4.643503e-08
9.400000e-01 -9.822869e-01 4.041246e-08
9.500000e-01 -9.876875e-01 3.428476e-08
9.600000e-01 -9.921137e-01 2.803925e-08
9.700000e-01 -9.955617e-01 2.161304e-08
9.800000e-01 -9.980258e-01 1.486921e-08
9.900000e-01 -9.995055e-01 7.766742e-09
1.000000e+00 -1.000000e+00 -7.498799e-33
