# y u_x u_y
0.000000e+00 1.000000e+00 0.000000e+00
1.000000e-02 9.994899e-01 -9.003447e-08
2.000000e-02 9.980101e-01 -1.802697e-07
3.000000e-02 9.955603e-01 -2.707057e-07
4.000000e-02 9.920993e-01 -3.641952e-07
5.000000e-02 9.876717e-01 -4.616852e-07
6.000000e-02 9.822842e-01 -5.629943e-07
7.000000e-02 9.759026e-01 -6.643758e-07
8.000000e-02 9.685665e-01 -7.659397e-07
9.000000e-02 9.602895e-01 -8.685941e-07
1.000000e-01 9.510441e-01 -9.674492e-07
1.100000e-01 9.408641e-01 -1.062031e-06
1.200000e-01 9.297715e-01 -1.154713e-06
1.300000e-01 9.177444e-01 -1.241001e-06
1.400000e-01 9.048106e-01 -1.319782e-06
1.500000e-01 8.910009e-01 -1.395180e-06
1.600000e-01 8.762992e-01 -1.463506e-06
1.700000e-01 8.607258e-01 -1.522074e-06
1.800000e-01 8.443219e-01 -1.576925e-06
1.900000e-01 8.270765e-01 -1.625408e-06
2.000000e-01 8.090011e-01 -1.662271e-06
2.100000e-01 7.901486e-01 -1.695502e-06
2.200000e-01 7.705133e-01 -1.723705e-06
2.300000e-01 7.500957e-01 -1.738575e-06
2.400000e-01 7.289619e-01 -1.749926e-06
2.500000e-01 7.071118e-01 -1.757757e-06
2.600000e-01 6.845325e-01 -1.750762e-06
2.700000e-01 6.613048e-01 -1.740337e-06
2.800000e-01 6.374286e-01 -1.726481e-06
2.900000e-01 6.128935e-01 -1.699514e-06
3.000000e-01 5.877779e-01 -1.667861e-06
3.100000e-01 5.620878e-01 -1.632913e-06
3.200000e-01 5.358147e-01 -1.586883e-06
3.300000e-01 5.090338e-01 -1.535178e-06
3.400000e-01 4.817580e-01 -1.480427e-06
3.500000e-01 4.539801e-01 -1.416805e-06
3.600000e-01 4.257716e-01 -1.346951e-06
3.700000e-01 3.971522e-01 -1.274430e-06
3.800000e-01 3.681164e-01 -1.195285e-06
3.900000e-01 3.387301e-01 -1.109892e-06
4.000000e-01 3.090214e-01 -1.022334e-06
4.100000e-01 2.789855e-01 -9.302740e-07
4.200000e-01 2.486821e-01 -8.325648e-07
4.300000e-01 2.181476e-01 -7.332910e-07
4.400000e-01 1.873786e-01 -6.313672e-07
4.500000e-01 1.564269e-01 -5.250403e-07
4.600000e-01 1.253376e-01 -4.178174e-07
4.700000e-01 9.410888e-02 -3.094107e-07
4.800000e-01 6.278331e-02 -1.984899e-07
4.900000e-01 3.141505e-02 -8.738063e-08
5.000000e-01 4.087008e-06 2.391705e-08
5.100000e-01 -3.141742e-02 1.352402e-07
5.200000e-01 -6.278631e-02 2.460344e-07
5.300000e-01 -9.410260e-02 3.562996e-07
5.400000e-01 -1.253391e-01 4.640621e-07
5.500000e-01 -1.564303e-01 5.703578e-07
5.600000e-01 -1.873741e-01 6.754249e-07
5.700000e-01 -2.181482e-01 7.760752e-07
5.800000e-01 -2.486858e-01 8.738603e-07
5.900000e-01 -2.789826e-01 9.697608e-07
6.000000e-01 -3.090209e-01 1.059979e-06
6.100000e-01 -3.387339e-01 1.145555e-06
6.200000e-01 -3.681150e-01 1.228656e-06
6.300000e-01 -3.971507e-01 1.305450e-06
6.400000e-01 -4.257752e-01 1.375555e-06
6.500000e-01 -4.539800e-01 1.442674e-06
6.600000e-01 -4.817553e-01 1.503450e-06
6.700000e-01 -5.090372e-01 1.555354e-06
6.800000e-01 -5.358155e-01 1.603851e-06
6.900000e-01 -5.620840e-01 1.646464e-06
7.000000e-01 -5.877808e-01 1.678040e-06
7.100000e-01 -6.128951e-01 1.705883e-06
7.200000e-01 -6.374238e-01 1.728682e-06
7.300000e-01 -6.613071e-01 1.738465e-06
7.400000e-01 -6.845346e-01 1.744310e-06
7.500000e-01 -7.071062e-01 1.746216e-06
7.600000e-01 -7.289636e-01 1.733513e-06
7.700000e-01 -7.500981e-01 1.716860e-06
7.800000e-01 -7.705097e-01 1.696257e-06
7.900000e-01 -7.901497e-01 1.662680e-06
8.000000e-01 -8.090036e-01 1.624168e-06
8.100000e-01 -8.270745e-01 1.582033e-06
8.200000e-01 -8.443224e-01 1.529136e-06
8.300000e-01 -8.607282e-01 1.470955e-06
8.400000e-01 -8.762984e-01 1.409970e-06
8.500000e-01 -8.910011e-01 1.340983e-06
8.600000e-01 -9.048128e-01 1.267142e-06
8.700000e-01 -9.177445e-01 1.191812e-06
8.800000e-01 -9.297713e-01 1.111594e-06
8.900000e-01 -9.408661e-01 1.027532e-06
9.000000e-01 -9.510448e-01 9.433778e-07
9.100000e-01 -9.602891e-01 8.572441e-07
9.200000e-01 -9.685680e-01 7.682435e-07
9.300000e-01 -9.759036e-01 6.796868e-07
9.400000e-01 -9.822838e-01 5.908650e-07
9.500000e-01 -9.876726e-01 4.993317e-07
9.600000e-01 -9.921001e-01 4.065980e-07
9.700000e-01 -9.955600e-01 3.127880e-07
9.800000e-01 -9.980103e-01 2.154344e-07
9.900000e-01 -9.994903e-01 1.111717e-07
1.000000e+00 -1.000000e+00 -7.498799e-33
