# y u_x u_y
0.000000e+00 1.000000e+00 0.000000e+00
1.000000e-02 9.995066e-01 -3.051797e-11
2.000000e-02 9.980267e-01 -6.052906e-11
3.000000e-02 9.955620e-01 -9.044043e-11
4.000000e-02 9.921147e-01 -1.204529e-10
5.000000e-02 9.876883e-01 -1.506061e-10
6.000000e-02 9.822872e-01 -1.807963e-10
7.000000e-02 9.759168e-01 -2.108338e-10
8.000000e-02 9.685832e-01 -2.404449e-10
9.000000e-02 9.602937e-01 -2.693822e-10
1.000000e-01 9.510565e-01 -2.973423e-10
1.100000e-01 9.408808e-01 -3.241120e-10
1.200000e-01 9.297765e-01 -3.494584e-10
1.300000e-01 9.177546e-01 -3.732218e-10
1.400000e-01 9.048271e-01 -3.952673e-10
1.500000e-01 8.910065e-01 -4.154788e-10
1.600000e-01 8.763067e-01 -4.338162e-10
1.700000e-01 8.607420e-01 -4.501801e-10
1.800000e-01 8.443279e-01 -4.645929e-10
1.900000e-01 8.270806e-01 -4.769824e-10
2.000000e-01 8.090170e-01 -4.873776e-10
2.100000e-01 7.901550e-01 -4.957469e-10
2.200000e-01 7.705132e-01 -5.020926e-10
2.300000e-01 7.501111e-01 -5.064291e-10
2.400000e-01 7.289686e-01 -5.087261e-10
2.500000e-01 7.071068e-01 -5.090422e-10
2.600000e-01 6.845471e-01 -5.073142e-10
2.700000e-01 6.613119e-01 -5.036303e-10
2.800000e-01 6.374240e-01 -4.979562e-10
2.900000e-01 6.129070e-01 -4.903499e-10
3.000000e-01 5.877853e-01 -4.808300e-10
3.100000e-01 5.620834e-01 -4.694282e-10
3.200000e-01 5.358268e-01 -4.562144e-10
3.300000e-01 5.090414e-01 -4.411975e-10
3.400000e-01 4.817537e-01 -4.244913e-10
3.500000e-01 4.539905e-01 -4.061032e-10
3.600000e-01 4.257793e-01 -3.861575e-10
3.700000e-01 3.971479e-01 -3.647008e-10
3.800000e-01 3.681245e-01 -3.418353e-10
3.900000e-01 3.387379e-01 -3.176514e-10
4.000000e-01 3.090170e-01 -2.922334e-10
4.100000e-01 2.789911e-01 -2.657086e-10
4.200000e-01 2.486899e-01 -2.381484e-10
4.300000e-01 2.181432e-01 -2.097004e-10
4.400000e-01 1.873813e-01 -1.804491e-10
4.500000e-01 1.564345e-01 -1.505336e-10
4.600000e-01 1.253332e-01 -1.200628e-10
4.700000e-01 9.410830e-02 -8.916237e-11
4.800000e-01 6.279053e-02 -5.795885e-11
4.900000e-01 3.141075e-02 -2.657162e-11
5.000000e-01 1.016467e-09 4.866639e-12
5.100000e-01 -3.141075e-02 3.623529e-11
5.200000e-01 -6.279053e-02 6.740576e-11
5.300000e-01 -9.410830e-02 9.825239e-11
5.400000e-01 -1.253332e-01 1.286537e-10
5.500000e-01 -1.564345e-01 1.584869e-10
5.600000e-01 -1.873813e-01 1.876301e-10
5.700000e-01 -2.181432e-01 2.159749e-10
5.800000e-01 -2.486899e-01 2.433910e-10
5.900000e-01 -2.789911e-01 2.697922e-10
6.000000e-01 -3.090170e-01 2.950426e-10
6.100000e-01 -3.387379e-01 3.190692e-10
6.200000e-01 -3.681245e-01 3.417542e-10
6.300000e-01 -3.971479e-01 3.630166e-10
6.400000e-01 -4.257793e-01 3.827700e-10
6.500000e-01 -4.539905e-01 4.009192e-10
6.600000e-01 -4.817537e-01 4.174178e-10
6.700000e-01 -5.090414e-01 4.321502e-10
6.800000e-01 -5.358268e-01 4.451057e-10
6.900000e-01 -5.620834e-01 4.561778e-10
7.000000e-01 -5.877853e-01 4.653553e-10
7.100000e-01 -6.129070e-01 4.725718e-10
7.200000e-01 -6.374240e-01 4.777965e-10
7.300000e-01 -6.613119e-01 4.810130e-10
7.400000e-01 -6.845471e-01 4.821701e-10
7.500000e-01 -7.071068e-01 4.813072e-10
7.600000e-01 -7.289686e-01 4.783539e-10
7.700000e-01 -7.501111e-01 4.733904e-10
7.800000e-01 -7.705132e-01 4.663898e-10
7.900000e-01 -7.901550e-01 4.574223e-10
8.000000e-01 -8.090170e-01 4.465291e-10
8.100000e-01 -8.270806e-01 4.337761e-10
8.200000e-01 -8.443279e-01 4.192783e-10
8.300000e-01 -8.607420e-01 4.031054e-10
8.400000e-01 -8.763067e-01 3.854377e-10
8.500000e-01 -8.910065e-01 3.663696e-10
8.600000e-01 -9.048271e-01 3.461128e-10
8.700000e-01 -9.177546e-01 3.248117e-10
8.800000e-01 -9.297765e-01 3.026618e-10
8.900000e-01 -9.408808e-01 2.798416e-10
9.000000e-01 -9.510565e-01 2.565057e-10
9.100000e-01 -9.602937e-01 2.328202e-10
9.200000e-01 -9.685832e-01 2.088633e-10
9.300000e-01 -9.759168e-01 1.847313e-10
9.400000e-01 -9.822872e-01 1.604012e-10
9.500000e-01 -9.876883e-01 1.358248e-10
9.600000e-01 -9.921147e-01 1.108433e-10
9.700000e-01 -9.955620e-01 8.521550e-11
9.800000e-01 -9.980267e-01 5.858127e-11
9.900000e-01 -9.995066e-01 3.042684e-11
1.000000e+00 -1.000000e+00 -7.498799e-33
