# y u_x u_y
0.000000e+00 1.000000e+00 0.000000e+00
1.000000e-02 9.995066e-01 7.655585e-14
2.000000e-02 9.980267e-01 7.701413e-14
3.000000e-02 9.955620e-01 9.670064e-14
4.000000e-02 9.921147e-01 1.406193e-13
5.000000e-02 9.876883e-01 2.174821e-13
6.000000e-02 9.822873e-01 1.912283e-13
7.000000e-02 9.759168e-01 2.864726e-13
8.000000e-02 9.685832e-01 2.774031e-13
9.000000e-02 9.602937e-01 2.903011e-13
1.000000e-01 9.510565e-01 3.964619e-13
1.100000e-01 9.408808e-01 2.988547e-13
1.200000e-01 9.297765e-01 4.196778e-13
1.300000e-01 9.177546e-01 3.715438e-13
1.400000e-01 9.048271e-01 3.610999e-13
1.500000e-01 8.910065e-01 4.894703e-13
1.600000e-01 8.763067e-01 3.247503e-13
1.700000e-01 8.607420e-01 4.737417e-13
1.800000e-01 8.443279e-01 3.786779e-13
1.900000e-01 8.270806e-01 3.545584e-13
2.000000e-01 8.090170e-01 4.953007e-13
2.100000e-01 7.901550e-01 2.720062e-13
2.200000e-01 7.705132e-01 4.496849e-13
2.300000e-01 7.501111e-01 3.051247e-13
2.400000e-01 7.289686e-01 2.801053e-13
2.500000e-01 7.071068e-01 4.245283e-13
2.600000e-01 6.845471e-01 1.604540e-13
2.700000e-01 6.613119e-01 3.672920e-13
2.800000e-01 6.374240e-01 1.790296e-13
2.900000e-01 6.129071e-01 1.691400e-13
3.000000e-01 5.877853e-01 3.108022e-13
3.100000e-01 5.620834e-01 3.007228e-14
3.200000e-01 5.358268e-01 2.654163e-13
3.300000e-01 5.090414e-01 4.487413e-14
3.400000e-01 4.817537e-01 6.522821e-14
3.500000e-01 4.539905e-01 1.977542e-13
3.600000e-01 4.257793e-01 -7.443733e-14
3.700000e-01 3.971479e-01 1.848108e-13
3.800000e-01 3.681246e-01 -5.531523e-14
3.900000e-01 3.387379e-01 5.079145e-15
4.000000e-01 3.090170e-01 1.204867e-13
4.100000e-01 2.789911e-01 -1.225473e-13
4.200000e-01 2.486899e-01 1.499305e-13
4.300000e-01 2.181432e-01 -9.950543e-14
4.400000e-01 1.873813e-01 2.329912e-15
4.500000e-01 1.564345e-01 8.936500e-14
4.600000e-01 1.253332e-01 -1.112594e-13
4.700000e-01 9.410831e-02 1.575387e-13
4.800000e-01 6.279052e-02 -9.467927e-14
4.900000e-01 3.141076e-02 4.123334e-14
5.000000e-01 9.849760e-13 8.708997e-14
5.100000e-01 -3.141076e-02 -6.630066e-14
5.200000e-01 -6.279052e-02 1.786540e-13
5.300000e-01 -9.410831e-02 -7.293745e-14
5.400000e-01 -1.253332e-01 8.378589e-14
5.500000e-01 -1.564345e-01 7.753803e-14
5.600000e-01 -1.873813e-01 -2.977605e-14
5.700000e-01 -2.181432e-01 1.728176e-13
5.800000e-01 -2.486899e-01 -7.487585e-14
5.900000e-01 -2.789911e-01 8.801904e-14
6.000000e-01 -3.090170e-01 2.512873e-14
6.100000e-01 -3.387379e-01 -3.969689e-14
6.200000e-01 -3.681246e-01 1.085162e-13
6.300000e-01 -3.971479e-01 -1.290536e-13
6.400000e-01 -4.257793e-01 2.845331e-14
6.500000e-01 -4.539905e-01 -8.613147e-14
6.600000e-01 -4.817537e-01 -1.118110e-13
6.700000e-01 -5.090414e-01 -1.973791e-14
6.800000e-01 -5.358268e-01 -2.373353e-13
6.900000e-01 -5.620834e-01 -9.144399e-14
7.000000e-01 -5.877853e-01 -2.425406e-13
7.100000e-01 -6.129071e-01 -2.316310e-13
7.200000e-01 -6.374240e-01 -1.875622e-13
7.300000e-01 -6.613119e-01 -3.729656e-13
7.400000e-01 -6.845471e-01 -2.400562e-13
7.500000e-01 -7.071068e-01 -4.055110e-13
7.600000e-01 -7.289686e-01 -3.610735e-13
7.700000e-01 -7.501111e-01 -3.500433e-13
7.800000e-01 -7.705132e-01 -4.919778e-13
7.900000e-01 -7.901550e-01 -3.707904e-13
8.000000e-01 -8.090170e-01 -5.265531e-13
8.100000e-01 -8.270806e-01 -4.551135e-13
8.200000e-01 -8.443279e-01 -4.589802e-13
8.300000e-01 -8.607420e-01 -5.520765e-13
8.400000e-01 -8.763067e-01 -4.419878e-13
8.500000e-01 -8.910065e-01 -5.671853e-13
8.600000e-01 -9.048271e-01 -4.803758e-13
8.700000e-01 -9.177546e-01 -4.825993e-13
8.800000e-01 -9.297765e-01 -5.292377e-13
8.900000e-01 -9.408808e-01 -4.312581e-13
9.000000e-01 -9.510565e-01 -5.108388e-13
9.100000e-01 -9.602937e-01 -4.240151e-13
9.200000e-01 -9.685832e-01 -4.105004e-13
9.300000e-01 -9.759168e-01 -4.178701e-13
9.400000e-01 -9.822873e-01 -3.316873e-13
9.500000e-01 -9.876883e-01 -3.517007e-13
9.600000e-01 -9.921147e-01 -2.760422e-13
9.700000e-01 -9.955620e-01 -2.281314e-13
9.800000e-01 -9.980267e-01 -1.991005e-13
9.900000e-01 -9.995066e-01 -1.632758e-13
1.000000e+00 -1.000000e+00 -1.333439e-32
