# y u_x u_y
0.000000e+00 1.000000e+00 0.000000e+00
1.000000e-02 9.995066e-01 1.130339e-11
2.000000e-02 9.980267e-01 1.070725e-11
3.000000e-02 9.955620e-01 1.586411e-11
4.000000e-02 9.921147e-01 2.853711e-11
5.000000e-02 9.876883e-01 3.460001e-11
6.000000e-02 9.822873e-01 2.606537e-11
7.000000e-02 9.759168e-01 2.432830e-11
8.000000e-02 9.685832e-01 3.559357e-11
9.000000e-02 9.602937e-01 5.393639e-11
1.000000e-01 9.510565e-01 6.130241e-11
1.100000e-01 9.408808e-01 4.499271e-11
1.200000e-01 9.297765e-01 3.551642e-11
1.300000e-01 9.177546e-01 4.603363e-11
1.400000e-01 9.048271e-01 6.950560e-11
1.500000e-01 8.910065e-01 7.869479e-11
1.600000e-01 8.763067e-01 5.368258e-11
1.700000e-01 8.607420e-01 3.696455e-11
1.800000e-01 8.443279e-01 4.666433e-11
1.900000e-01 8.270806e-01 7.400848e-11
2.000000e-01 8.090170e-01 8.332647e-11
2.100000e-01 7.901550e-01 5.026414e-11
2.200000e-01 7.705132e-01 2.764729e-11
2.300000e-01 7.501111e-01 3.656941e-11
2.400000e-01 7.289686e-01 6.637501e-11
2.500000e-01 7.071068e-01 7.465959e-11
2.600000e-01 6.845471e-01 3.559478e-11
2.700000e-01 6.613119e-01 9.605339e-12
2.800000e-01 6.374240e-01 1.850962e-11
2.900000e-01 6.129071e-01 4.981101e-11
3.000000e-01 5.877853e-01 5.669800e-11
3.100000e-01 5.620834e-01 1.489414e-11
3.200000e-01 5.358268e-01 -1.106596e-11
3.300000e-01 5.090414e-01 -9.514682e-13
3.400000e-01 4.817537e-01 3.111934e-11
3.500000e-01 4.539905e-01 3.667903e-11
3.600000e-01 4.257793e-01 -4.147767e-12
3.700000e-01 3.971479e-01 -2.659919e-11
3.800000e-01 3.681246e-01 -1.420019e-11
3.900000e-01 3.387379e-01 1.767291e-11
4.000000e-01 3.090170e-01 2.179244e-11
4.100000e-01 2.789911e-01 -1.487341e-11
4.200000e-01 2.486899e-01 -3.120347e-11
4.300000e-01 2.181432e-01 -1.630550e-11
4.400000e-01 1.873813e-01 1.365320e-11
4.500000e-01 1.564345e-01 1.544575e-11
4.600000e-01 1.253332e-01 -1.527223e-11
4.700000e-01 9.410831e-02 -2.446846e-11
4.800000e-01 6.279052e-02 -8.135983e-12
4.900000e-01 3.141076e-02 1.730103e-11
5.000000e-01 5.954108e-11 1.498734e-11
5.100000e-01 -3.141076e-02 -9.646035e-12
5.200000e-01 -6.279052e-02 -1.234419e-11
5.300000e-01 -9.410831e-02 3.376907e-12
5.400000e-01 -1.253332e-01 2.139292e-11
5.500000e-01 -1.564345e-01 1.297112e-11
5.600000e-01 -1.873813e-01 -6.482636e-12
5.700000e-01 -2.181432e-01 -4.191095e-12
5.800000e-01 -2.486899e-01 8.894821e-12
5.900000e-01 -2.789911e-01 1.746823e-11
6.000000e-01 -3.090170e-01 1.866308e-12
6.100000e-01 -3.387379e-01 -1.330366e-11
6.200000e-01 -3.681246e-01 -7.347287e-12
6.300000e-01 -3.971479e-01 2.150613e-12
6.400000e-01 -4.257793e-01 1.123426e-12
6.500000e-01 -4.539905e-01 -2.097728e-11
6.600000e-01 -4.817537e-01 -3.207095e-11
6.700000e-01 -5.090414e-01 -2.303723e-11
6.800000e-01 -5.358268e-01 -1.664607e-11
6.900000e-01 -5.620834e-01 -2.542173e-11
7.000000e-01 -5.877853e-01 -5.164277e-11
7.100000e-01 -6.129071e-01 -5.829136e-11
7.200000e-01 -6.374240e-01 -4.624625e-11
7.300000e-01 -6.613119e-01 -4.148053e-11
7.400000e-01 -6.845471e-01 -5.480031e-11
7.500000e-01 -7.071068e-01 -8.184478e-11
7.600000e-01 -7.289686e-01 -8.373805e-11
7.700000e-01 -7.501111e-01 -6.884872e-11
7.800000e-01 -7.705132e-01 -6.401825e-11
7.900000e-01 -7.901550e-01 -7.829200e-11
8.000000e-01 -8.090170e-01 -1.029193e-10
8.100000e-01 -8.270806e-01 -1.004691e-10
8.200000e-01 -8.443279e-01 -8.356018e-11
8.300000e-01 -8.607420e-01 -7.744945e-11
8.400000e-01 -8.763067e-01 -8.952344e-11
8.500000e-01 -8.910065e-01 -1.092982e-10
8.600000e-01 -9.048271e-01 -1.039491e-10
8.700000e-01 -9.177546e-01 -8.663667e-11
8.800000e-01 -9.297765e-01 -7.869401e-11
8.900000e-01 -9.408808e-01 -8.608895e-11
9.000000e-01 -9.510565e-01 -9.942397e-11
9.100000e-01 -9.602937e-01 -9.304411e-11
9.200000e-01 -9.685832e-01 -7.677508e-11
9.300000e-01 -9.759168e-01 -6.619546e-11
9.400000e-01 -9.822873e-01 -6.615292e-11
9.500000e-01 -9.876883e-01 -7.076420e-11
9.600000e-01 -9.921147e-01 -6.323836e-11
9.700000e-01 -9.955620e-01 -4.806477e-11
9.800000e-01 -9.980267e-01 -3.378061e-11
9.900000e-01 -9.995066e-01 -2.051724e-11
1.000000e+00 -1.000000e+00 -1.333439e-32
