# y u_x u_y
0.000000e+00 1.000000e+00 0.000000e+00
1.000000e-02 9.995066e-01 -2.414518e-11
2.000000e-02 9.980267e-01 -3.646715e-11
3.000000e-02 9.955620e-01 -4.384984e-11
4.000000e-02 9.921147e-01 -4.868551e-11
5.000000e-02 9.876883e-01 -5.232899e-11
6.000000e-02 9.822873e-01 -5.581252e-11
7.000000e-02 9.759168e-01 -5.900940e-11
8.000000e-02 9.685832e-01 -6.192346e-11
9.000000e-02 9.602937e-01 -6.450698e-11
1.000000e-01 9.510565e-01 -6.667901e-11
1.100000e-01 9.408808e-01 -6.926274e-11
1.200000e-01 9.297765e-01 -7.157334e-11
1.300000e-01 9.177546e-01 -7.354389e-11
1.400000e-01 9.048271e-01 -7.508791e-11
1.500000e-01 8.910065e-01 -7.608825e-11
1.600000e-01 8.763067e-01 -7.768678e-11
1.700000e-01 8.607420e-01 -7.895929e-11
1.800000e-01 8.443279e-01 -7.983329e-11
1.900000e-01 8.270806e-01 -8.020021e-11
2.000000e-01 8.090170e-01 -7.990665e-11
2.100000e-01 7.901550e-01 -8.033782e-11
2.200000e-01 7.705132e-01 -8.045630e-11
2.300000e-01 7.501111e-01 -8.016862e-11
2.400000e-01 7.289686e-01 -7.933089e-11
2.500000e-01 7.071068e-01 -7.774460e-11
2.600000e-01 6.845471e-01 -7.693665e-11
2.700000e-01 6.613119e-01 -7.589396e-11
2.800000e-01 6.374240e-01 -7.448715e-11
2.900000e-01 6.129071e-01 -7.252897e-11
3.000000e-01 5.877853e-01 -6.977232e-11
3.100000e-01 5.620834e-01 -6.777064e-11
3.200000e-01 5.358268e-01 -6.566968e-11
3.300000e-01 5.090414e-01 -6.329458e-11
3.400000e-01 4.817537e-01 -6.040984e-11
3.500000e-01 4.539905e-01 -5.672145e-11
3.600000e-01 4.257793e-01 -5.369162e-11
3.700000e-01 3.971479e-01 -5.074359e-11
3.800000e-01 3.681246e-01 -4.765133e-11
3.900000e-01 3.387379e-01 -4.413145e-11
4.000000e-01 3.090170e-01 -3.984856e-11
4.100000e-01 2.789911e-01 -3.606469e-11
4.200000e-01 2.486899e-01 -3.257212e-11
4.300000e-01 2.181432e-01 -2.909275e-11
4.400000e-01 1.873813e-01 -2.529969e-11
4.500000e-01 1.564345e-01 -2.082627e-11
4.600000e-01 1.253332e-01 -1.664424e-11
4.700000e-01 9.410831e-02 -1.297061e-11
4.800000e-01 6.279052e-02 -9.479072e-12
4.900000e-01 3.141076e-02 -5.808170e-12
5.000000e-01 1.039392e-09 -1.572330e-12
5.100000e-01 -3.141076e-02 2.608002e-12
5.200000e-01 -6.279052e-02 6.077592e-12
5.300000e-01 -9.410831e-02 9.202207e-12
5.400000e-01 -1.253332e-01 1.236583e-11
5.500000e-01 -1.564345e-01 1.595835e-11
5.600000e-01 -1.873813e-01 1.973771e-11
5.700000e-01 -2.181432e-01 2.263957e-11
5.800000e-01 -2.486899e-01 2.505656e-11
5.900000e-01 -2.789911e-01 2.738084e-11
6.000000e-01 -3.090170e-01 2.999168e-11
6.100000e-01 -3.387379e-01 3.301534e-11
6.200000e-01 -3.681246e-01 3.504744e-11
6.300000e-01 -3.971479e-01 3.649203e-11
6.400000e-01 -4.257793e-01 3.773439e-11
6.500000e-01 -4.539905e-01 3.912913e-11
6.600000e-01 -4.817537e-01 4.112442e-11
6.700000e-01 -5.090414e-01 4.207808e-11
6.800000e-01 -5.358268e-01 4.238923e-11
6.900000e-01 -5.620834e-01 4.242131e-11
7.000000e-01 -5.877853e-01 4.249254e-11
7.100000e-01 -6.129071e-01 4.329497e-11
7.200000e-01 -6.374240e-01 4.307431e-11
7.300000e-01 -6.613119e-01 4.220845e-11
7.400000e-01 -6.845471e-01 4.102624e-11
7.500000e-01 -7.071068e-01 3.980115e-11
7.600000e-01 -7.289686e-01 3.936739e-11
7.700000e-01 -7.501111e-01 3.799445e-11
7.800000e-01 -7.705132e-01 3.602501e-11
7.900000e-01 -7.901550e-01 3.374408e-11
8.000000e-01 -8.090170e-01 3.137608e-11
8.100000e-01 -8.270806e-01 2.978176e-11
8.200000e-01 -8.443279e-01 2.738879e-11
8.300000e-01 -8.607420e-01 2.449335e-11
8.400000e-01 -8.763067e-01 2.133155e-11
8.500000e-01 -8.910065e-01 1.808063e-11
8.600000e-01 -9.048271e-01 1.550912e-11
8.700000e-01 -9.177546e-01 1.232132e-11
8.800000e-01 -9.297765e-01 8.762713e-12
8.900000e-01 -9.408808e-01 5.020749e-12
9.000000e-01 -9.510565e-01 1.232764e-12
9.100000e-01 -9.602937e-01 -2.031624e-12
9.200000e-01 -9.685832e-01 -5.692493e-12
9.300000e-01 -9.759168e-01 -9.543275e-12
9.400000e-01 -9.822873e-01 -1.340516e-11
9.500000e-01 -9.876883e-01 -1.708819e-11
9.600000e-01 -9.921147e-01 -2.009486e-11
9.700000e-01 -9.955620e-01 -2.235583e-11
9.800000e-01 -9.980267e-01 -2.231101e-11
9.900000e-01 -9.995066e-01 -1.717463e-11
1.000000e+00 -1.000000e+00 -1.333439e-32
