# y u_x u_y
0.000000e+00 1.000000e+00 0.000000e+00
1.000000e-02 9.995131e-01 -2.392887e-07
2.000000e-02 9.980329e-01 -7.419965e-07
3.000000e-02 9.955647e-01 -1.447291e-06
4.000000e-02 9.921136e-01 -2.294338e-06
5.000000e-02 9.876849e-01 -3.222306e-06
6.000000e-02 9.822837e-01 -4.170362e-06
7.000000e-02 9.759153e-01 -5.077673e-06
8.000000e-02 9.685848e-01 -5.883405e-06
9.000000e-02 9.602974e-01 -6.526727e-06
1.000000e-01 9.510584e-01 -6.946805e-06
1.100000e-01 9.408845e-01 -7.350933e-06
1.200000e-01 9.297784e-01 -7.740953e-06
1.300000e-01 9.177539e-01 -8.119251e-06
1.400000e-01 9.048247e-01 -8.488216e-06
1.500000e-01 8.910045e-01 -8.850237e-06
1.600000e-01 8.763071e-01 -9.207702e-06
1.700000e-01 8.607462e-01 -9.562999e-06
1.800000e-01 8.443355e-01 -9.918517e-06
1.900000e-01 8.270889e-01 -1.027664e-05
2.000000e-01 8.090199e-01 -1.063977e-05
2.100000e-01 7.901556e-01 -1.101766e-05
2.200000e-01 7.705112e-01 -1.125023e-05
2.300000e-01 7.501076e-01 -1.136960e-05
2.400000e-01 7.289659e-01 -1.140789e-05
2.500000e-01 7.071070e-01 -1.139724e-05
2.600000e-01 6.845518e-01 -1.136976e-05
2.700000e-01 6.613215e-01 -1.135759e-05
2.800000e-01 6.374369e-01 -1.139284e-05
2.900000e-01 6.129190e-01 -1.150766e-05
3.000000e-01 5.877889e-01 -1.173415e-05
3.100000e-01 5.620809e-01 -1.193604e-05
3.200000e-01 5.358211e-01 -1.184235e-05
3.300000e-01 5.090357e-01 -1.151875e-05
3.400000e-01 4.817508e-01 -1.103093e-05
3.500000e-01 4.539927e-01 -1.044455e-05
3.600000e-01 4.257876e-01 -9.825308e-06
3.700000e-01 3.971617e-01 -9.238863e-06
3.800000e-01 3.681412e-01 -8.750898e-06
3.900000e-01 3.387522e-01 -8.427089e-06
4.000000e-01 3.090210e-01 -8.333112e-06
4.100000e-01 2.789857e-01 -8.187713e-06
4.200000e-01 2.486808e-01 -7.636484e-06
4.300000e-01 2.181353e-01 -6.778218e-06
4.400000e-01 1.873781e-01 -5.711706e-06
4.500000e-01 1.564380e-01 -4.535739e-06
4.600000e-01 1.253439e-01 -3.349111e-06
4.700000e-01 9.412451e-02 -2.250612e-06
4.800000e-01 6.280883e-02 -1.339036e-06
4.900000e-01 3.142568e-02 -7.131726e-07
5.000000e-01 3.897788e-06 -4.718150e-07
5.100000e-01 -3.141904e-02 -2.384291e-07
5.200000e-01 -6.280259e-02 3.796107e-07
5.300000e-01 -9.411809e-02 1.275108e-06
5.400000e-01 -1.253369e-01 2.340868e-06
5.500000e-01 -1.564303e-01 3.469694e-06
5.600000e-01 -1.873697e-01 4.554389e-06
5.700000e-01 -2.181263e-01 5.487758e-06
5.800000e-01 -2.486716e-01 6.162606e-06
5.900000e-01 -2.789769e-01 6.471735e-06
6.000000e-01 -3.090134e-01 6.307950e-06
6.100000e-01 -3.387481e-01 6.080427e-06
6.200000e-01 -3.681383e-01 6.169671e-06
6.300000e-01 -3.971584e-01 6.486583e-06
6.400000e-01 -4.257827e-01 6.942065e-06
6.500000e-01 -4.539857e-01 7.447017e-06
6.600000e-01 -4.817416e-01 7.912341e-06
6.700000e-01 -5.090249e-01 8.248939e-06
6.800000e-01 -5.358098e-01 8.367712e-06
6.900000e-01 -5.620707e-01 8.179560e-06
7.000000e-01 -5.877821e-01 7.595386e-06
7.100000e-01 -6.129178e-01 6.964606e-06
7.200000e-01 -6.374377e-01 6.580420e-06
7.300000e-01 -6.613217e-01 6.380708e-06
7.400000e-01 -6.845496e-01 6.303351e-06
7.500000e-01 -7.071013e-01 6.286230e-06
7.600000e-01 -7.289569e-01 6.267226e-06
7.700000e-01 -7.500961e-01 6.184220e-06
7.800000e-01 -7.704988e-01 5.975092e-06
7.900000e-01 -7.901450e-01 5.577723e-06
8.000000e-01 -8.090146e-01 4.929994e-06
8.100000e-01 -8.270908e-01 4.256961e-06
8.200000e-01 -8.443402e-01 3.740397e-06
8.300000e-01 -8.607500e-01 3.347506e-06
8.400000e-01 -8.763078e-01 3.045490e-06
8.500000e-01 -8.910008e-01 2.801554e-06
8.600000e-01 -9.048167e-01 2.582901e-06
8.700000e-01 -9.177426e-01 2.356734e-06
8.800000e-01 -9.297661e-01 2.090257e-06
8.900000e-01 -9.408746e-01 1.750674e-06
9.000000e-01 -9.510554e-01 1.305187e-06
9.100000e-01 -9.603024e-01 8.579734e-07
9.200000e-01 -9.685925e-01 5.201217e-07
9.300000e-01 -9.759219e-01 2.770123e-07
9.400000e-01 -9.822867e-01 1.140259e-07
9.500000e-01 -9.876829e-01 1.654294e-08
9.600000e-01 -9.921067e-01 -3.005598e-08
9.700000e-01 -9.955542e-01 -4.039030e-08
9.800000e-01 -9.980216e-01 -2.907945e-08
9.900000e-01 -9.995048e-01 -1.074287e-08
1.000000e+00 -1.000000e+00 -1.333369e-32
