# y u_x u_y
0.000000e+00 1.000000e+00 0.000000e+00
1.000000e-02 9.995069e-01 -1.302979e-08
2.000000e-02 9.980266e-01 -4.176211e-08
3.000000e-02 9.955617e-01 -7.688998e-08
4.000000e-02 9.921148e-01 -1.091064e-07
5.000000e-02 9.876884e-01 -1.291045e-07
6.000000e-02 9.822875e-01 -1.436205e-07
7.000000e-02 9.759166e-01 -1.584674e-07
8.000000e-02 9.685830e-01 -1.727759e-07
9.000000e-02 9.602939e-01 -1.856765e-07
1.000000e-01 9.510566e-01 -1.963001e-07
1.100000e-01 9.408810e-01 -2.074806e-07
1.200000e-01 9.297763e-01 -2.168021e-07
1.300000e-01 9.177545e-01 -2.247349e-07
1.400000e-01 9.048274e-01 -2.317493e-07
1.500000e-01 8.910067e-01 -2.383157e-07
1.600000e-01 8.763068e-01 -2.466587e-07
1.700000e-01 8.607419e-01 -2.519652e-07
1.800000e-01 8.443279e-01 -2.554658e-07
1.900000e-01 8.270810e-01 -2.583908e-07
2.000000e-01 8.090172e-01 -2.619709e-07
2.100000e-01 7.901551e-01 -2.676021e-07
2.200000e-01 7.705131e-01 -2.687518e-07
2.300000e-01 7.501112e-01 -2.675691e-07
2.400000e-01 7.289692e-01 -2.662027e-07
2.500000e-01 7.071070e-01 -2.668014e-07
2.600000e-01 6.845471e-01 -2.693527e-07
2.700000e-01 6.613118e-01 -2.657954e-07
2.800000e-01 6.374242e-01 -2.593533e-07
2.900000e-01 6.129077e-01 -2.532500e-07
3.000000e-01 5.877855e-01 -2.507089e-07
3.100000e-01 5.620833e-01 -2.498059e-07
3.200000e-01 5.358267e-01 -2.411995e-07
3.300000e-01 5.090417e-01 -2.292484e-07
3.400000e-01 4.817544e-01 -2.183115e-07
3.500000e-01 4.539907e-01 -2.127473e-07
3.600000e-01 4.257792e-01 -2.084019e-07
3.700000e-01 3.971478e-01 -1.950046e-07
3.800000e-01 3.681249e-01 -1.779973e-07
3.900000e-01 3.387387e-01 -1.628218e-07
4.000000e-01 3.090172e-01 -1.549201e-07
4.100000e-01 2.789909e-01 -1.478092e-07
4.200000e-01 2.486899e-01 -1.307147e-07
4.300000e-01 2.181437e-01 -1.099977e-07
4.400000e-01 1.873821e-01 -9.201885e-08
4.500000e-01 1.564347e-01 -8.313921e-08
4.600000e-01 1.253330e-01 -7.466608e-08
4.700000e-01 9.410830e-02 -5.578283e-08
4.800000e-01 6.279102e-02 -3.350617e-08
4.900000e-01 3.141155e-02 -1.485280e-08
5.000000e-01 2.600547e-07 -6.839430e-09
5.100000e-01 -3.141106e-02 1.116746e-09
5.200000e-01 -6.279052e-02 1.941443e-08
5.300000e-01 -9.410777e-02 4.071421e-08
5.400000e-01 -1.253324e-01 5.767670e-08
5.500000e-01 -1.564342e-01 6.296249e-08
5.600000e-01 -1.873817e-01 6.855304e-08
5.700000e-01 -2.181432e-01 8.400073e-08
5.800000e-01 -2.486893e-01 1.020057e-07
5.900000e-01 -2.789903e-01 1.152679e-07
6.000000e-01 -3.090168e-01 1.164876e-07
6.100000e-01 -3.387383e-01 1.184195e-07
6.200000e-01 -3.681245e-01 1.294038e-07
6.300000e-01 -3.971473e-01 1.425297e-07
6.400000e-01 -4.257786e-01 1.508863e-07
6.500000e-01 -4.539903e-01 1.475629e-07
6.600000e-01 -4.817541e-01 1.453805e-07
6.700000e-01 -5.090414e-01 1.512006e-07
6.800000e-01 -5.358262e-01 1.588049e-07
6.900000e-01 -5.620827e-01 1.619749e-07
7.000000e-01 -5.877851e-01 1.544922e-07
7.100000e-01 -6.129075e-01 1.485228e-07
7.200000e-01 -6.374239e-01 1.493194e-07
7.300000e-01 -6.613113e-01 1.515897e-07
7.400000e-01 -6.845465e-01 1.500412e-07
7.500000e-01 -7.071066e-01 1.393817e-07
7.600000e-01 -7.289691e-01 1.304587e-07
7.700000e-01 -7.501110e-01 1.269501e-07
7.800000e-01 -7.705127e-01 1.246372e-07
7.900000e-01 -7.901545e-01 1.193015e-07
8.000000e-01 -8.090169e-01 1.067243e-07
8.100000e-01 -8.270810e-01 9.590090e-08
8.200000e-01 -8.443278e-01 8.914397e-08
8.300000e-01 -8.607415e-01 8.336096e-08
8.400000e-01 -8.763063e-01 7.545932e-08
8.500000e-01 -8.910064e-01 6.234651e-08
8.600000e-01 -9.048275e-01 5.084621e-08
8.700000e-01 -9.177545e-01 4.230615e-08
8.800000e-01 -9.297760e-01 3.470130e-08
8.900000e-01 -9.408805e-01 2.600664e-08
9.000000e-01 -9.510564e-01 1.419712e-08
9.100000e-01 -9.602941e-01 4.098617e-09
9.200000e-01 -9.685830e-01 -3.178788e-09
9.300000e-01 -9.759163e-01 -8.986536e-09
9.400000e-01 -9.822871e-01 -1.467607e-08
9.500000e-01 -9.876883e-01 -2.159884e-08
9.600000e-01 -9.921150e-01 -2.413666e-08
9.700000e-01 -9.955618e-01 -1.939372e-08
9.800000e-01 -9.980264e-01 -1.122200e-08
9.900000e-01 -9.995065e-01 -3.473434e-09
1.000000e+00 -1.000000e+00 -1.333434e-32
