# y u_x u_y
0.000000e+00 0.000000e+00 0.000000e+00
1.000000e-02 0.000000e+00 0.000000e+00
2.000000e-02 0.000000e+00 0.000000e+00
3.000000e-02 0.000000e+00 0.000000e+00
4.000000e-02 0.000000e+00 0.000000e+00
5.000000e-02 0.000000e+00 0.000000e+00
6.000000e-02 0.000000e+00 0.000000e+00
7.000000e-02 0.000000e+00 0.000000e+00
8.000000e-02 0.000000e+00 0.000000e+00
9.000000e-02 0.000000e+00 0.000000e+00
1.000000e-01 0.000000e+00 0.000000e+00
1.100000e-01 0.000000e+00 0.000000e+00
1.200000e-01 0.000000e+00 0.000000e+00
1.300000e-01 0.000000e+00 0.000000e+00
1.400000e-01 0.000000e+00 0.000000e+00
1.500000e-01 0.000000e+00 0.000000e+00
1.600000e-01 0.000000e+00 0.000000e+00
1.700000e-01 0.000000e+00 0.000000e+00
1.800000e-01 0.000000e+00 0.000000e+00
1.900000e-01 0.000000e+00 0.000000e+00
2.000000e-01 0.000000e+00 0.000000e+00
2.100000e-01 0.000000e+00 0.000000e+00
2.200000e-01 0.000000e+00 0.000000e+00
2.300000e-01 0.000000e+00 0.000000e+00
2.400000e-01 0.000000e+00 0.000000e+00
2.500000e-01 0.000000e+00 0.000000e+00
2.600000e-01 0.000000e+00 0.000000e+00
2.700000e-01 0.000000e+00 0.000000e+00
2.800000e-01 0.000000e+00 0.000000e+00
2.900000e-01 0.000000e+00 0.000000e+00
3.000000e-01 0.000000e+00 0.000000e+00
3.100000e-01 0.000000e+00 0.000000e+00
3.200000e-01 0.000000e+00 0.000000e+00
3.300000e-01 0.000000e+00 0.000000e+00
3.400000e-01 0.000000e+00 0.000000e+00
3.500000e-01 0.000000e+00 0.000000e+00
3.600000e-01 0.000000e+00 0.000000e+00
3.700000e-01 0.000000e+00 0.000000e+00
3.800000e-01 0.000000e+00 0.000000e+00
3.900000e-01 0.000000e+00 0.000000e+00
4.000000e-01 0.000000e+00 0.000000e+00
4.100000e-01 0.000000e+00 0.000000e+00
4.200000e-01 0.000000e+00 0.000000e+00
4.300000e-01 0.000000e+00 0.000000e+00
4.400000e-01 0.000000e+00 0.000000e+00
4.500000e-01 0.000000e+00 0.000000e+00
4.600000e-01 0.000000e+00 0.000000e+00
4.700000e-01 0.000000e+00 0.000000e+00
4.800000e-01 0.000000e+00 0.000000e+00
4.900000e-01 0.000000e+00 0.000000e+00
5.000000e-01 0.000000e+00 0.000000e+00
5.100000e-01 9.900000e-02 -2.159851e-17
5.200000e-01 1.960000e-01 -6.536201e-17
5.300000e-01 2.910000e-01 -1.312905e-16
5.400000e-01 3.840000e-01 -2.193840e-16
5.500000e-01 4.750000e-01 -3.296426e-16
5.600000e-01 5.640000e-01 -4.089227e-16
5.700000e-01 6.510000e-01 -4.098976e-16
5.800000e-01 7.360000e-01 -3.859037e-16
5.900000e-01 8.190000e-01 -3.369412e-16
6.000000e-01 9.000000e-01 -2.630099e-16
6.100000e-01 9.790000e-01 -1.641099e-16
6.200000e-01 1.056000e+00 -9.364103e-17
6.300000e-01 1.131000e+00 -4.077831e-17
6.400000e-01 1.204000e+00 -9.585488e-19
6.500000e-01 1.275000e+00 2.581825e-17
6.600000e-01 1.344000e+00 3.955209e-17
6.700000e-01 1.411000e+00 4.024296e-17
6.800000e-01 1.476000e+00 2.789087e-17
6.900000e-01 1.539000e+00 2.495823e-18
7.000000e-01 1.600000e+00 -3.594219e-17
7.100000e-01 1.659000e+00 -8.742316e-17
7.200000e-01 1.716000e+00 -1.519471e-16
7.300000e-01 1.771000e+00 -2.216387e-16
7.400000e-01 1.824000e+00 -2.753961e-16
7.500000e-01 1.875000e+00 -3.121284e-16
7.600000e-01 1.924000e+00 -3.318356e-16
7.700000e-01 1.971000e+00 -3.345178e-16
7.800000e-01 2.016000e+00 -3.201748e-16
7.900000e-01 2.059000e+00 -2.888068e-16
8.000000e-01 2.100000e+00 -2.404137e-16
8.100000e-01 2.139000e+00 -1.749955e-16
8.200000e-01 2.176000e+00 -9.255227e-17
8.300000e-01 2.211000e+00 6.916072e-18
8.400000e-01 2.244000e+00 4.167736e-17
8.500000e-01 2.275000e+00 4.276133e-17
8.600000e-01 2.304000e+00 4.906678e-17
8.700000e-01 2.331000e+00 6.059370e-17
8.800000e-01 2.356000e+00 7.734210e-17
8.900000e-01 2.379000e+00 9.931198e-17
9.000000e-01 2.400000e+00 1.265033e-16
9.100000e-01 2.419000e+00 1.589162e-16
9.200000e-01 2.436000e+00 1.965505e-16
9.300000e-01 2.451000e+00 2.394063e-16
9.400000e-01 2.464000e+00 2.874835e-16
9.500000e-01 2.475000e+00 2.911290e-16
9.600000e-01 2.484000e+00 2.606053e-16
9.700000e-01 2.491000e+00 2.357301e-16
9.800000e-01 2.496000e+00 2.165032e-16
9.900000e-01 2.499000e+00 2.029248e-16
1.000000e+00 2.500000e+00 1.949948e-16
