# y u_x u_y
0.000000e+00 0.000000e+00 0.000000e+00
1.000000e-02 0.000000e+00 0.000000e+00
2.000000e-02 0.000000e+00 0.000000e+00
3.000000e-02 0.000000e+00 0.000000e+00
4.000000e-02 0.000000e+00 0.000000e+00
5.000000e-02 0.000000e+00 0.000000e+00
6.000000e-02 0.000000e+00 0.000000e+00
7.000000e-02 0.000000e+00 0.000000e+00
8.000000e-02 0.000000e+00 0.000000e+00
9.000000e-02 0.000000e+00 0.000000e+00
1.000000e-01 0.000000e+00 0.000000e+00
1.100000e-01 0.000000e+00 0.000000e+00
1.200000e-01 0.000000e+00 0.000000e+00
1.300000e-01 0.000000e+00 0.000000e+00
1.400000e-01 0.000000e+00 0.000000e+00
1.500000e-01 0.000000e+00 0.000000e+00
1.600000e-01 0.000000e+00 0.000000e+00
1.700000e-01 0.000000e+00 0.000000e+00
1.800000e-01 0.000000e+00 0.000000e+00
1.900000e-01 0.000000e+00 0.000000e+00
2.000000e-01 0.000000e+00 0.000000e+00
2.100000e-01 0.000000e+00 0.000000e+00
2.200000e-01 0.000000e+00 0.000000e+00
2.300000e-01 0.000000e+00 0.000000e+00
2.400000e-01 0.000000e+00 0.000000e+00
2.500000e-01 0.000000e+00 0.000000e+00
2.600000e-01 0.000000e+00 0.000000e+00
2.700000e-01 0.000000e+00 0.000000e+00
2.800000e-01 0.000000e+00 0.000000e+00
2.900000e-01 0.000000e+00 0.000000e+00
3.000000e-01 0.000000e+00 0.000000e+00
3.100000e-01 0.000000e+00 0.000000e+00
3.200000e-01 0.000000e+00 0.000000e+00
3.300000e-01 0.000000e+00 0.000000e+00
3.400000e-01 0.000000e+00 0.000000e+00
3.500000e-01 0.000000e+00 0.000000e+00
3.600000e-01 0.000000e+00 0.000000e+00
3.700000e-01 0.000000e+00 0.000000e+00
3.800000e-01 0.000000e+00 0.000000e+00
3.900000e-01 0.000000e+00 0.000000e+00
4.000000e-01 0.000000e+00 0.000000e+00
4.100000e-01 0.000000e+00 0.000000e+00
4.200000e-01 0.000000e+00 0.000000e+00
4.300000e-01 0.000000e+00 0.000000e+00
4.400000e-01 0.000000e+00 0.000000e+00
4.500000e-01 0.000000e+00 0.000000e+00
4.600000e-01 0.000000e+00 0.000000e+00
4.700000e-01 0.000000e+00 0.000000e+00
4.800000e-01 0.000000e+00 0.000000e+00
4.900000e-01 0.000000e+00 0.000000e+00
5.000000e-01 0.000000e+00 0.000000e+00
5.100000e-01 9.900000e-02 1.928553e-15
5.200000e-01 1.960000e-01 3.880069e-15
5.300000e-01 2.910000e-01 5.854546e-15
5.400000e-01 3.840000e-01 7.851986e-15
5.500000e-01 4.750000e-01 9.872387e-15
5.600000e-01 5.640000e-01 1.191575e-14
5.700000e-01 6.510000e-01 1.398208e-14
5.800000e-01 7.360000e-01 1.607136e-14
5.900000e-01 8.190000e-01 1.818361e-14
6.000000e-01 9.000000e-01 2.031882e-14
6.100000e-01 9.790000e-01 2.247700e-14
6.200000e-01 1.056000e+00 2.396013e-14
6.300000e-01 1.131000e+00 2.524913e-14
6.400000e-01 1.204000e+00 2.642361e-14
6.500000e-01 1.275000e+00 2.748358e-14
6.600000e-01 1.344000e+00 2.842903e-14
6.700000e-01 1.411000e+00 2.925996e-14
6.800000e-01 1.476000e+00 2.997638e-14
6.900000e-01 1.539000e+00 3.057828e-14
7.000000e-01 1.600000e+00 3.106566e-14
7.100000e-01 1.659000e+00 3.143852e-14
7.200000e-01 1.716000e+00 3.169686e-14
7.300000e-01 1.771000e+00 3.184119e-14
7.400000e-01 1.824000e+00 3.179444e-14
7.500000e-01 1.875000e+00 3.154691e-14
7.600000e-01 1.924000e+00 3.109859e-14
7.700000e-01 1.971000e+00 3.044948e-14
7.800000e-01 2.016000e+00 2.959958e-14
7.900000e-01 2.059000e+00 2.854890e-14
8.000000e-01 2.100000e+00 2.729742e-14
8.100000e-01 2.139000e+00 2.584515e-14
8.200000e-01 2.176000e+00 2.419209e-14
8.300000e-01 2.211000e+00 2.233825e-14
8.400000e-01 2.244000e+00 2.044307e-14
8.500000e-01 2.275000e+00 1.865512e-14
8.600000e-01 2.304000e+00 1.694034e-14
8.700000e-01 2.331000e+00 1.529872e-14
8.800000e-01 2.356000e+00 1.373026e-14
8.900000e-01 2.379000e+00 1.223497e-14
9.000000e-01 2.400000e+00 1.081284e-14
9.100000e-01 2.419000e+00 9.463866e-15
9.200000e-01 2.436000e+00 8.188061e-15
9.300000e-01 2.451000e+00 6.985418e-15
9.400000e-01 2.464000e+00 5.855938e-15
9.500000e-01 2.475000e+00 4.853979e-15
9.600000e-01 2.484000e+00 3.907936e-15
9.700000e-01 2.491000e+00 2.956968e-15
9.800000e-01 2.496000e+00 2.001076e-15
9.900000e-01 2.499000e+00 1.040259e-15
1.000000e+00 2.500000e+00 7.451736e-17
