# y u_x u_y
0.000000e+00 1.000000e+00 0.000000e+00
1.000000e-02 9.957034e-01 3.625924e-05
2.000000e-02 9.908752e-01 6.729250e-05
3.000000e-02 9.855155e-01 9.309979e-05
4.000000e-02 9.796242e-01 1.136811e-04
5.000000e-02 9.732013e-01 1.290365e-04
6.000000e-02 9.662468e-01 1.391658e-04
7.000000e-02 9.587607e-01 1.440692e-04
8.000000e-02 9.507430e-01 1.437467e-04
9.000000e-02 9.421938e-01 1.381981e-04
1.000000e-01 9.331130e-01 1.274236e-04
1.100000e-01 9.235006e-01 1.114231e-04
1.200000e-01 9.133566e-01 9.019662e-05
1.300000e-01 9.026811e-01 6.374417e-05
1.400000e-01 8.914739e-01 3.206576e-05
1.500000e-01 8.797352e-01 -4.838631e-06
1.600000e-01 8.674649e-01 -4.696899e-05
1.700000e-01 8.546630e-01 -9.432533e-05
1.800000e-01 8.413296e-01 -1.469076e-04
1.900000e-01 8.274645e-01 -2.047159e-04
2.000000e-01 8.130679e-01 -2.677502e-04
2.100000e-01 7.906793e-01 -3.594298e-04
2.200000e-01 7.680210e-01 -4.421645e-04
2.300000e-01 7.450930e-01 -5.159541e-04
2.400000e-01 7.218955e-01 -5.807986e-04
2.500000e-01 6.984282e-01 -6.366982e-04
2.600000e-01 6.746914e-01 -6.836527e-04
2.700000e-01 6.506848e-01 -7.216622e-04
2.800000e-01 6.264087e-01 -7.507266e-04
2.900000e-01 6.018628e-01 -7.708460e-04
3.000000e-01 5.770474e-01 -7.820204e-04
3.100000e-01 5.519623e-01 -7.842498e-04
3.200000e-01 5.266075e-01 -7.775341e-04
3.300000e-01 5.009831e-01 -7.618734e-04
3.400000e-01 4.750890e-01 -7.372677e-04
3.500000e-01 4.489253e-01 -7.037169e-04
3.600000e-01 4.224919e-01 -6.612211e-04
3.700000e-01 3.957889e-01 -6.097803e-04
3.800000e-01 3.688163e-01 -5.493944e-04
3.900000e-01 3.415740e-01 -4.800635e-04
4.000000e-01 3.140620e-01 -4.017876e-04
4.100000e-01 2.819790e-01 -3.925288e-04
4.200000e-01 2.500112e-01 -3.817207e-04
4.300000e-01 2.181584e-01 -3.693634e-04
4.400000e-01 1.864208e-01 -3.554567e-04
4.500000e-01 1.547982e-01 -3.400008e-04
4.600000e-01 1.232908e-01 -3.229956e-04
4.700000e-01 9.189841e-02 -3.044411e-04
4.800000e-01 6.062115e-02 -2.843373e-04
4.900000e-01 2.945899e-02 -2.626842e-04
5.000000e-01 -1.588080e-03 -2.394819e-04
5.100000e-01 -3.252005e-02 -2.147303e-04
5.200000e-01 -6.333692e-02 -1.884293e-04
5.300000e-01 -9.403869e-02 -1.605791e-04
5.400000e-01 -1.246254e-01 -1.311797e-04
5.500000e-01 -1.550969e-01 -1.002309e-04
5.600000e-01 -1.854534e-01 -6.773286e-05
5.700000e-01 -2.156948e-01 -3.368553e-05
5.800000e-01 -2.458211e-01 1.911077e-06
5.900000e-01 -2.758323e-01 3.905697e-05
6.000000e-01 -3.057283e-01 7.775215e-05
6.100000e-01 -3.352105e-01 1.358720e-04
6.200000e-01 -3.642330e-01 1.866107e-04
6.300000e-01 -3.927957e-01 2.299684e-04
6.400000e-01 -4.208988e-01 2.659448e-04
6.500000e-01 -4.485421e-01 2.945402e-04
6.600000e-01 -4.757257e-01 3.157544e-04
6.700000e-01 -5.024495e-01 3.295876e-04
6.800000e-01 -5.287137e-01 3.360395e-04
6.900000e-01 -5.545181e-01 3.351104e-04
7.000000e-01 -5.798628e-01 3.268001e-04
7.100000e-01 -6.047478e-01 3.111087e-04
7.200000e-01 -6.291731e-01 2.880362e-04
7.300000e-01 -6.531387e-01 2.575826e-04
7.400000e-01 -6.766445e-01 2.197478e-04
7.500000e-01 -6.996906e-01 1.745319e-04
7.600000e-01 -7.222770e-01 1.219349e-04
7.700000e-01 -7.444037e-01 6.195676e-05
7.800000e-01 -7.660707e-01 -5.402508e-06
7.900000e-01 -7.872779e-01 -8.014290e-05
8.000000e-01 -8.080254e-01 -1.622644e-04
8.100000e-01 -8.234696e-01 -1.795328e-04
8.200000e-01 -8.382984e-01 -1.941295e-04
8.300000e-01 -8.525119e-01 -2.060544e-04
8.400000e-01 -8.661101e-01 -2.153075e-04
8.500000e-01 -8.790930e-01 -2.218889e-04
8.600000e-01 -8.914606e-01 -2.257985e-04
8.700000e-01 -9.032129e-01 -2.270365e-04
8.800000e-01 -9.143499e-01 -2.256026e-04
8.900000e-01 -9.248716e-01 -2.214970e-04
9.000000e-01 -9.347780e-01 -2.147197e-04
9.100000e-01 -9.440691e-01 -2.052706e-04
9.200000e-01 -9.527448e-01 -1.931497e-04
9.300000e-01 -9.608053e-01 -1.783571e-04
9.400000e-01 -9.682505e-01 -1.608928e-04
9.500000e-01 -9.750803e-01 -1.407567e-04
9.600000e-01 -9.812949e-01 -1.179488e-04
9.700000e-01 -9.868941e-01 -9.246926e-05
9.800000e-01 -9.918780e-01 -6.431792e-05
9.900000e-01 -9.962467e-01 -3.349484e-05
1.000000e+00 -1.000000e+00 -1.788546e-32
