# y u_x u_y
0.000000e+00 0.000000e+00 0.000000e+00
1.000000e-02 0.000000e+00 0.000000e+00
2.000000e-02 0.000000e+00 0.000000e+00
3.000000e-02 0.000000e+00 0.000000e+00
4.000000e-02 0.000000e+00 0.000000e+00
5.000000e-02 0.000000e+00 0.000000e+00
6.000000e-02 0.000000e+00 0.000000e+00
7.000000e-02 0.000000e+00 0.000000e+00
8.000000e-02 0.000000e+00 0.000000e+00
9.000000e-02 0.000000e+00 0.000000e+00
1.000000e-01 0.000000e+00 0.000000e+00
1.100000e-01 0.000000e+00 0.000000e+00
1.200000e-01 0.000000e+00 0.000000e+00
1.300000e-01 0.000000e+00 0.000000e+00
1.400000e-01 0.000000e+00 0.000000e+00
1.500000e-01 0.000000e+00 0.000000e+00
1.600000e-01 0.000000e+00 0.000000e+00
1.700000e-01 0.000000e+00 0.000000e+00
1.800000e-01 0.000000e+00 0.000000e+00
1.900000e-01 0.000000e+00 0.000000e+00
2.000000e-01 0.000000e+00 0.000000e+00
2.100000e-01 0.000000e+00 0.000000e+00
2.200000e-01 0.000000e+00 0.000000e+00
2.300000e-01 0.000000e+00 0.000000e+00
2.400000e-01 0.000000e+00 0.000000e+00
2.500000e-01 0.000000e+00 0.000000e+00
2.600000e-01 0.000000e+00 0.000000e+00
2.700000e-01 0.000000e+00 0.000000e+00
2.800000e-01 0.000000e+00 0.000000e+00
2.900000e-01 0.000000e+00 0.000000e+00
3.000000e-01 0.000000e+00 0.000000e+00
3.100000e-01 0.000000e+00 0.000000e+00
3.200000e-01 0.000000e+00 0.000000e+00
3.300000e-01 0.000000e+00 0.000000e+00
3.400000e-01 0.000000e+00 0.000000e+00
3.500000e-01 0.000000e+00 0.000000e+00
3.600000e-01 0.000000e+00 0.000000e+00
3.700000e-01 0.000000e+00 0.000000e+00
3.800000e-01 0.000000e+00 0.000000e+00
3.900000e-01 0.000000e+00 0.000000e+00
4.000000e-01 0.000000e+00 0.000000e+00
4.100000e-01 0.000000e+00 0.000000e+00
4.200000e-01 0.000000e+00 0.000000e+00
4.300000e-01 0.000000e+00 0.000000e+00
4.400000e-01 0.000000e+00 0.000000e+00
4.500000e-01 0.000000e+00 0.000000e+00
4.600000e-01 0.000000e+00 0.000000e+00
4.700000e-01 0.000000e+00 0.000000e+00
4.800000e-01 0.000000e+00 0.000000e+00
4.900000e-01 0.000000e+00 0.000000e+00
5.000000e-01 0.000000e+00 0.000000e+00
5.100000e-01 9.900000e-02 -1.831019e-17
5.200000e-01 1.960000e-01 -6.498125e-17
5.300000e-01 2.910000e-01 -1.242734e-16
5.400000e-01 3.840000e-01 -8.802398e-17
5.500000e-01 4.750000e-01 3.246814e-17
5.600000e-01 5.640000e-01 1.444169e-16
5.700000e-01 6.510000e-01 1.430760e-16
5.800000e-01 7.360000e-01 1.130624e-16
5.900000e-01 8.190000e-01 9.626396e-17
6.000000e-01 9.000000e-01 1.581368e-16
6.100000e-01 9.790000e-01 2.950169e-16
6.200000e-01 1.056000e+00 3.063973e-16
6.300000e-01 1.131000e+00 2.752363e-16
6.400000e-01 1.204000e+00 2.211568e-16
6.500000e-01 1.275000e+00 1.441590e-16
6.600000e-01 1.344000e+00 4.424285e-17
6.700000e-01 1.411000e+00 -1.328936e-17
6.800000e-01 1.476000e+00 2.758723e-17
6.900000e-01 1.539000e+00 3.162918e-17
7.000000e-01 1.600000e+00 -1.163506e-18
7.100000e-01 1.659000e+00 -7.079083e-17
7.200000e-01 1.716000e+00 -1.772528e-16
7.300000e-01 1.771000e+00 -1.681622e-16
7.400000e-01 1.824000e+00 -1.228065e-16
7.500000e-01 1.875000e+00 -8.103012e-17
7.600000e-01 1.924000e+00 -4.283288e-17
7.700000e-01 1.971000e+00 -8.214821e-18
7.800000e-01 2.016000e+00 2.282406e-17
7.900000e-01 2.059000e+00 5.028375e-17
8.000000e-01 2.100000e+00 7.416427e-17
8.100000e-01 2.139000e+00 9.446560e-17
8.200000e-01 2.176000e+00 1.111877e-16
8.300000e-01 2.211000e+00 1.243307e-16
8.400000e-01 2.244000e+00 1.470421e-16
8.500000e-01 2.275000e+00 1.691723e-16
8.600000e-01 2.304000e+00 1.834325e-16
8.700000e-01 2.331000e+00 1.898228e-16
8.800000e-01 2.356000e+00 1.883430e-16
8.900000e-01 2.379000e+00 1.789932e-16
9.000000e-01 2.400000e+00 1.617735e-16
9.100000e-01 2.419000e+00 1.366837e-16
9.200000e-01 2.436000e+00 1.037239e-16
9.300000e-01 2.451000e+00 6.289405e-17
9.400000e-01 2.464000e+00 1.419424e-17
9.500000e-01 2.475000e+00 -6.826069e-17
9.600000e-01 2.484000e+00 -1.507783e-16
9.700000e-01 2.491000e+00 -2.045033e-16
9.800000e-01 2.496000e+00 -2.294357e-16
9.900000e-01 2.499000e+00 -2.255755e-16
1.000000e+00 2.500000e+00 -1.929226e-16
