# y u_x u_y
0.000000e+00 0.000000e+00 0.000000e+00
1.000000e-02 0.000000e+00 0.000000e+00
2.000000e-02 0.000000e+00 0.000000e+00
3.000000e-02 0.000000e+00 0.000000e+00
4.000000e-02 0.000000e+00 0.000000e+00
5.000000e-02 0.000000e+00 0.000000e+00
6.000000e-02 0.000000e+00 0.000000e+00
7.000000e-02 0.000000e+00 0.000000e+00
8.000000e-02 0.000000e+00 0.000000e+00
9.000000e-02 0.000000e+00 0.000000e+00
1.000000e-01 0.000000e+00 0.000000e+00
1.100000e-01 0.000000e+00 0.000000e+00
1.200000e-01 0.000000e+00 0.000000e+00
1.300000e-01 0.000000e+00 0.000000e+00
1.400000e-01 0.000000e+00 0.000000e+00
1.500000e-01 0.000000e+00 0.000000e+00
1.600000e-01 0.000000e+00 0.000000e+00
1.700000e-01 0.000000e+00 0.000000e+00
1.800000e-01 0.000000e+00 0.000000e+00
1.900000e-01 0.000000e+00 0.000000e+00
2.000000e-01 0.000000e+00 0.000000e+00
2.100000e-01 0.000000e+00 0.000000e+00
2.200000e-01 0.000000e+00 0.000000e+00
2.300000e-01 0.000000e+00 0.000000e+00
2.400000e-01 0.000000e+00 0.000000e+00
2.500000e-01 0.000000e+00 0.000000e+00
2.600000e-01 0.000000e+00 0.000000e+00
2.700000e-01 0.000000e+00 0.000000e+00
2.800000e-01 0.000000e+00 0.000000e+00
2.900000e-01 0.000000e+00 0.000000e+00
3.000000e-01 0.000000e+00 0.000000e+00
3.100000e-01 0.000000e+00 0.000000e+00
3.200000e-01 0.000000e+00 0.000000e+00
3.300000e-01 0.000000e+00 0.000000e+00
3.400000e-01 0.000000e+00 0.000000e+00
3.500000e-01 0.000000e+00 0.000000e+00
3.600000e-01 0.000000e+00 0.000000e+00
3.700000e-01 0.000000e+00 0.000000e+00
3.800000e-01 0.000000e+00 0.000000e+00
3.900000e-01 0.000000e+00 0.000000e+00
4.000000e-01 0.000000e+00 0.000000e+00
4.100000e-01 0.000000e+00 0.000000e+00
4.200000e-01 0.000000e+00 0.000000e+00
4.300000e-01 0.000000e+00 0.000000e+00
4.400000e-01 0.000000e+00 0.000000e+00
4.500000e-01 0.000000e+00 0.000000e+00
4.600000e-01 0.000000e+00 0.000000e+00
4.700000e-01 0.000000e+00 0.000000e+00
4.800000e-01 0.000000e+00 0.000000e+00
4.900000e-01 0.000000e+00 0.000000e+00
5.000000e-01 0.000000e+00 0.000000e+00
5.100000e-01 9.900000e-02 -2.206451e-17
5.200000e-01 1.960000e-01 -5.327385e-17
5.300000e-01 2.910000e-01 8.935174e-17
5.400000e-01 3.840000e-01 5.975454e-17
5.500000e-01 4.750000e-01 1.606632e-17
5.600000e-01 5.640000e-01 -7.248274e-18
5.700000e-01 6.510000e-01 -4.040163e-17
5.800000e-01 7.360000e-01 -9.438046e-17
5.900000e-01 8.190000e-01 -3.163152e-17
6.000000e-01 9.000000e-01 7.219223e-17
6.100000e-01 9.790000e-01 1.469389e-16
6.200000e-01 1.056000e+00 1.028517e-16
6.300000e-01 1.131000e+00 -2.908091e-17
6.400000e-01 1.204000e+00 -2.170239e-16
6.500000e-01 1.275000e+00 -1.885934e-16
6.600000e-01 1.344000e+00 -4.428940e-17
6.700000e-01 1.411000e+00 1.730976e-16
6.800000e-01 1.476000e+00 1.778391e-16
6.900000e-01 1.539000e+00 -6.595284e-17
7.000000e-01 1.600000e+00 -4.076348e-16
7.100000e-01 1.659000e+00 -4.510577e-16
7.200000e-01 1.716000e+00 -1.949425e-16
7.300000e-01 1.771000e+00 7.715832e-19
7.400000e-01 1.824000e+00 9.982230e-17
7.500000e-01 1.875000e+00 1.683792e-16
7.600000e-01 1.924000e+00 2.064423e-16
7.700000e-01 1.971000e+00 2.140115e-16
7.800000e-01 2.016000e+00 1.833681e-16
7.900000e-01 2.059000e+00 1.143763e-16
8.000000e-01 2.100000e+00 4.624567e-17
8.100000e-01 2.139000e+00 -2.102366e-17
8.200000e-01 2.176000e+00 -8.743173e-17
8.300000e-01 2.211000e+00 -1.529785e-16
8.400000e-01 2.244000e+00 -1.912623e-16
8.500000e-01 2.275000e+00 -2.296903e-16
8.600000e-01 2.304000e+00 -2.843048e-16
8.700000e-01 2.331000e+00 -3.551056e-16
8.800000e-01 2.356000e+00 -4.420929e-16
8.900000e-01 2.379000e+00 -5.115538e-16
9.000000e-01 2.400000e+00 -3.399807e-16
9.100000e-01 2.419000e+00 -2.070622e-16
9.200000e-01 2.436000e+00 -1.127983e-16
9.300000e-01 2.451000e+00 -5.718889e-17
9.400000e-01 2.464000e+00 -4.023402e-17
9.500000e-01 2.475000e+00 2.870475e-19
9.600000e-01 2.484000e+00 5.018108e-17
9.700000e-01 2.491000e+00 5.917174e-17
9.800000e-01 2.496000e+00 2.725902e-17
9.900000e-01 2.499000e+00 -4.555708e-17
1.000000e+00 2.500000e+00 -1.592766e-16
