# y u_x u_y
0.000000e+00 1.000000e+00 0.000000e+00
1.000000e-02 9.994991e-01 -4.146447e-08
2.000000e-02 9.980222e-01 -8.229600e-08
3.000000e-02 9.955568e-01 -1.231485e-07
4.000000e-02 9.921078e-01 -1.655569e-07
5.000000e-02 9.876891e-01 -2.093793e-07
6.000000e-02 9.822798e-01 -2.534242e-07
7.000000e-02 9.759132e-01 -2.984069e-07
8.000000e-02 9.685779e-01 -3.432611e-07
9.000000e-02 9.602874e-01 -3.871698e-07
1.000000e-01 9.510577e-01 -4.309268e-07
1.100000e-01 9.408735e-01 -4.716121e-07
1.200000e-01 9.297739e-01 -5.112732e-07
1.300000e-01 9.177492e-01 -5.483791e-07
1.400000e-01 9.048215e-01 -5.825904e-07
1.500000e-01 8.910081e-01 -6.153249e-07
1.600000e-01 8.762996e-01 -6.432013e-07
1.700000e-01 8.607405e-01 -6.694672e-07
1.800000e-01 8.443225e-01 -6.923218e-07
1.900000e-01 8.270759e-01 -7.117788e-07
2.000000e-01 8.090189e-01 -7.296435e-07
2.100000e-01 7.901483e-01 -7.421171e-07
2.200000e-01 7.705127e-01 -7.530541e-07
2.300000e-01 7.501057e-01 -7.604767e-07
2.400000e-01 7.289648e-01 -7.644214e-07
2.500000e-01 7.071088e-01 -7.668780e-07
2.600000e-01 6.845409e-01 -7.638485e-07
2.700000e-01 6.613122e-01 -7.593731e-07
2.800000e-01 6.374187e-01 -7.514702e-07
2.900000e-01 6.129042e-01 -7.401788e-07
3.000000e-01 5.877874e-01 -7.274934e-07
3.100000e-01 5.620777e-01 -7.096155e-07
3.200000e-01 5.358281e-01 -6.904206e-07
3.300000e-01 5.090363e-01 -6.681196e-07
3.400000e-01 4.817517e-01 -6.427950e-07
3.500000e-01 4.539926e-01 -6.162630e-07
3.600000e-01 4.257743e-01 -5.853090e-07
3.700000e-01 3.971500e-01 -5.532917e-07
3.800000e-01 3.681198e-01 -5.187879e-07
3.900000e-01 3.387370e-01 -4.819288e-07
4.000000e-01 3.090190e-01 -4.441814e-07
4.100000e-01 2.789869e-01 -4.032210e-07
4.200000e-01 2.486927e-01 -3.615728e-07
4.300000e-01 2.181389e-01 -3.183126e-07
4.400000e-01 1.873813e-01 -2.736054e-07
4.500000e-01 1.564364e-01 -2.284302e-07
4.600000e-01 1.253299e-01 -1.815658e-07
4.700000e-01 9.411181e-02 -1.344661e-07
4.800000e-01 6.278663e-02 -8.679005e-08
4.900000e-01 3.141174e-02 -3.871719e-08
5.000000e-01 1.684529e-06 9.351454e-09
5.100000e-01 -3.141316e-02 5.742748e-08
5.200000e-01 -6.278646e-02 1.052593e-07
5.300000e-01 -9.411163e-02 1.525779e-07
5.400000e-01 -1.253313e-01 1.992075e-07
5.500000e-01 -1.564330e-01 2.453582e-07
5.600000e-01 -1.873827e-01 2.898433e-07
5.700000e-01 -2.181387e-01 3.336257e-07
5.800000e-01 -2.486925e-01 3.758592e-07
5.900000e-01 -2.789883e-01 4.163877e-07
6.000000e-01 -3.090159e-01 4.560059e-07
6.100000e-01 -3.387383e-01 4.924564e-07
6.200000e-01 -3.681197e-01 5.278089e-07
6.300000e-01 -3.971498e-01 5.607281e-07
6.400000e-01 -4.257757e-01 5.910902e-07
6.500000e-01 -4.539897e-01 6.201897e-07
6.600000e-01 -4.817530e-01 6.449286e-07
6.700000e-01 -5.090363e-01 6.682646e-07
6.800000e-01 -5.358279e-01 6.885093e-07
6.900000e-01 -5.620790e-01 7.055770e-07
7.000000e-01 -5.877847e-01 7.211277e-07
7.100000e-01 -6.129053e-01 7.315343e-07
7.200000e-01 -6.374187e-01 7.403390e-07
7.300000e-01 -6.613121e-01 7.456703e-07
7.400000e-01 -6.845420e-01 7.474931e-07
7.500000e-01 -7.071066e-01 7.476669e-07
7.600000e-01 -7.289659e-01 7.424118e-07
7.700000e-01 -7.501057e-01 7.355179e-07
7.800000e-01 -7.705126e-01 7.251251e-07
7.900000e-01 -7.901494e-01 7.113074e-07
8.000000e-01 -8.090170e-01 6.959502e-07
8.100000e-01 -8.270768e-01 6.755557e-07
8.200000e-01 -8.443226e-01 6.538471e-07
8.300000e-01 -8.607405e-01 6.291824e-07
8.400000e-01 -8.763005e-01 6.018417e-07
8.500000e-01 -8.910068e-01 5.735603e-07
8.600000e-01 -9.048223e-01 5.415393e-07
8.700000e-01 -9.177495e-01 5.090667e-07
8.800000e-01 -9.297741e-01 4.748973e-07
8.900000e-01 -9.408742e-01 4.393923e-07
9.000000e-01 -9.510569e-01 4.039174e-07
9.100000e-01 -9.602880e-01 3.665087e-07
9.200000e-01 -9.685782e-01 3.293821e-07
9.300000e-01 -9.759134e-01 2.917583e-07
9.400000e-01 -9.822804e-01 2.534383e-07
9.500000e-01 -9.876887e-01 2.151354e-07
9.600000e-01 -9.921081e-01 1.755398e-07
9.700000e-01 -9.955570e-01 1.348579e-07
9.800000e-01 -9.980222e-01 9.307676e-08
9.900000e-01 -9.994992e-01 4.832744e-08
1.000000e+00 -1.000000e+00 -1.332341e-32
