# y u_x u_y
0.000000e+00 1.000000e+00 0.000000e+00
1.000000e-02 9.874790e-01 -7.034215e-05
2.000000e-02 9.750337e-01 -1.392328e-04
3.000000e-02 9.626642e-01 -2.066719e-04
4.000000e-02 9.503704e-01 -2.726595e-04
5.000000e-02 9.381524e-01 -3.371956e-04
6.000000e-02 9.260102e-01 -4.002802e-04
7.000000e-02 9.139437e-01 -4.619133e-04
8.000000e-02 9.019529e-01 -5.220949e-04
9.000000e-02 8.900379e-01 -5.808250e-04
1.000000e-01 8.781986e-01 -6.381035e-04
1.100000e-01 8.664351e-01 -6.939305e-04
1.200000e-01 8.547473e-01 -7.483061e-04
1.300000e-01 8.431353e-01 -8.012301e-04
1.400000e-01 8.315991e-01 -8.527026e-04
1.500000e-01 8.201386e-01 -9.027236e-04
1.600000e-01 8.087538e-01 -9.512931e-04
1.700000e-01 7.974448e-01 -9.984111e-04
1.800000e-01 7.862115e-01 -1.044078e-03
1.900000e-01 7.750540e-01 -1.088293e-03
2.000000e-01 7.639723e-01 -1.131056e-03
2.100000e-01 7.393679e-01 -1.243034e-03
2.200000e-01 7.149279e-01 -1.342387e-03
2.300000e-01 6.906524e-01 -1.429114e-03
2.400000e-01 6.665412e-01 -1.503215e-03
2.500000e-01 6.425945e-01 -1.564691e-03
2.600000e-01 6.188122e-01 -1.613541e-03
2.700000e-01 5.951942e-01 -1.649765e-03
2.800000e-01 5.717407e-01 -1.673363e-03
2.900000e-01 5.484516e-01 -1.684336e-03
3.000000e-01 5.253269e-01 -1.682683e-03
3.100000e-01 5.023666e-01 -1.668404e-03
3.200000e-01 4.795708e-01 -1.641500e-03
3.300000e-01 4.569393e-01 -1.601969e-03
3.400000e-01 4.344722e-01 -1.549814e-03
3.500000e-01 4.121696e-01 -1.485032e-03
3.600000e-01 3.900314e-01 -1.407625e-03
3.700000e-01 3.680575e-01 -1.317592e-03
3.800000e-01 3.462481e-01 -1.214933e-03
3.900000e-01 3.246031e-01 -1.099648e-03
4.000000e-01 3.031225e-01 -9.717383e-04
4.100000e-01 2.712855e-01 -9.610494e-04
4.200000e-01 2.397095e-01 -9.449336e-04
4.300000e-01 2.083944e-01 -9.233911e-04
4.400000e-01 1.773402e-01 -8.964216e-04
4.500000e-01 1.465470e-01 -8.640254e-04
4.600000e-01 1.160147e-01 -8.262022e-04
4.700000e-01 8.574330e-02 -7.829523e-04
4.800000e-01 5.573288e-02 -7.342754e-04
4.900000e-01 2.598340e-02 -6.801718e-04
5.000000e-01 -3.505146e-03 -6.206412e-04
5.100000e-01 -3.273275e-02 -5.556839e-04
5.200000e-01 -6.169942e-02 -4.852996e-04
5.300000e-01 -9.040515e-02 -4.094886e-04
5.400000e-01 -1.188499e-01 -3.282506e-04
5.500000e-01 -1.470338e-01 -2.415859e-04
5.600000e-01 -1.749567e-01 -1.494942e-04
5.700000e-01 -2.026187e-01 -5.197576e-05
5.800000e-01 -2.300197e-01 5.096956e-05
5.900000e-01 -2.571599e-01 1.593417e-04
6.000000e-01 -2.840390e-01 2.731408e-04
6.100000e-01 -3.101736e-01 3.698679e-04
6.200000e-01 -3.360166e-01 4.590493e-04
6.300000e-01 -3.615680e-01 5.406849e-04
6.400000e-01 -3.868279e-01 6.147748e-04
6.500000e-01 -4.117961e-01 6.813188e-04
6.600000e-01 -4.364728e-01 7.403171e-04
6.700000e-01 -4.608579e-01 7.917697e-04
6.800000e-01 -4.849514e-01 8.356764e-04
6.900000e-01 -5.087533e-01 8.720374e-04
7.000000e-01 -5.322636e-01 9.008526e-04
7.100000e-01 -5.554824e-01 9.221221e-04
7.200000e-01 -5.784095e-01 9.358457e-04
7.300000e-01 -6.010451e-01 9.420236e-04
7.400000e-01 -6.233891e-01 9.406558e-04
7.500000e-01 -6.454415e-01 9.317421e-04
7.600000e-01 -6.672024e-01 9.152827e-04
7.700000e-01 -6.886716e-01 8.912775e-04
7.800000e-01 -7.098493e-01 8.597265e-04
7.900000e-01 -7.307354e-01 8.206298e-04
8.000000e-01 -7.513299e-01 7.739873e-04
8.100000e-01 -7.651569e-01 8.388194e-04
8.200000e-01 -7.788372e-01 8.927535e-04
8.300000e-01 -7.923709e-01 9.357896e-04
8.400000e-01 -8.057578e-01 9.679275e-04
8.500000e-01 -8.189981e-01 9.891675e-04
8.600000e-01 -8.320917e-01 9.995093e-04
8.700000e-01 -8.450386e-01 9.989532e-04
8.800000e-01 -8.578388e-01 9.874989e-04
8.900000e-01 -8.704923e-01 9.651466e-04
9.000000e-01 -8.829992e-01 9.318963e-04
9.100000e-01 -8.953594e-01 8.877479e-04
9.200000e-01 -9.075728e-01 8.327015e-04
9.300000e-01 -9.196396e-01 7.667570e-04
9.400000e-01 -9.315597e-01 6.899144e-04
9.500000e-01 -9.433332e-01 6.021738e-04
9.600000e-01 -9.549599e-01 5.035352e-04
9.700000e-01 -9.664400e-01 3.939984e-04
9.800000e-01 -9.777733e-01 2.735637e-04
9.900000e-01 -9.889600e-01 1.422309e-04
1.000000e+00 -1.000000e+00 -1.788546e-32
