# y u_x u_y
0.000000e+00 1.000000e+00 0.000000e+00
1.000000e-02 9.994877e-01 6.733079e-08
2.000000e-02 9.979979e-01 6.509180e-08
3.000000e-02 9.955333e-01 7.183465e-08
4.000000e-02 9.920965e-01 7.900418e-08
5.000000e-02 9.876912e-01 8.354824e-08
6.000000e-02 9.822699e-01 8.780730e-08
7.000000e-02 9.758893e-01 9.101745e-08
8.000000e-02 9.685558e-01 9.287545e-08
9.000000e-02 9.602770e-01 9.347776e-08
1.000000e-01 9.510612e-01 9.287879e-08
1.100000e-01 9.408651e-01 9.123625e-08
1.200000e-01 9.297507e-01 8.839658e-08
1.300000e-01 9.177290e-01 8.447385e-08
1.400000e-01 9.048121e-01 7.959903e-08
1.500000e-01 8.910127e-01 7.391619e-08
1.600000e-01 8.762928e-01 6.737623e-08
1.700000e-01 8.607183e-01 6.018457e-08
1.800000e-01 8.443045e-01 5.251275e-08
1.900000e-01 8.270675e-01 4.453562e-08
2.000000e-01 8.090243e-01 3.642841e-08
2.100000e-01 7.901431e-01 2.791623e-08
2.200000e-01 7.704920e-01 1.949020e-08
2.300000e-01 7.500901e-01 1.132903e-08
2.400000e-01 7.289575e-01 3.605601e-09
2.500000e-01 7.071148e-01 -3.514718e-09
2.600000e-01 6.845372e-01 -1.050979e-08
2.700000e-01 6.612934e-01 -1.668692e-08
2.800000e-01 6.374058e-01 -2.189319e-08
2.900000e-01 6.128980e-01 -2.598723e-08
3.000000e-01 5.877936e-01 -2.884032e-08
3.100000e-01 5.620756e-01 -3.108651e-08
3.200000e-01 5.358114e-01 -3.191901e-08
3.300000e-01 5.090264e-01 -3.123197e-08
3.400000e-01 4.817467e-01 -2.893463e-08
3.500000e-01 4.539988e-01 -2.495201e-08
3.600000e-01 4.257737e-01 -2.001377e-08
3.700000e-01 3.971358e-01 -1.328667e-08
3.800000e-01 3.681129e-01 -4.725160e-09
3.900000e-01 3.387331e-01 5.699218e-09
4.000000e-01 3.090250e-01 1.799764e-08
4.100000e-01 2.789877e-01 3.141144e-08
4.200000e-01 2.486813e-01 4.671651e-08
4.300000e-01 2.181351e-01 6.389104e-08
4.400000e-01 1.873787e-01 8.289559e-08
4.500000e-01 1.564419e-01 1.036733e-07
4.600000e-01 1.253320e-01 1.255042e-07
4.700000e-01 9.410338e-02 1.490310e-07
4.800000e-01 6.278607e-02 1.741634e-07
4.900000e-01 3.141038e-02 2.007945e-07
5.000000e-01 6.592683e-06 2.288014e-07
5.100000e-01 -3.140975e-02 2.575673e-07
5.200000e-01 -6.279170e-02 2.875390e-07
5.300000e-01 -9.410898e-02 3.185630e-07
5.400000e-01 -1.253314e-01 3.504721e-07
5.500000e-01 -1.564288e-01 3.830859e-07
5.600000e-01 -1.873781e-01 4.159495e-07
5.700000e-01 -2.181406e-01 4.492679e-07
5.800000e-01 -2.486867e-01 4.828372e-07
5.900000e-01 -2.789871e-01 5.164436e-07
6.000000e-01 -3.090124e-01 5.498650e-07
6.100000e-01 -3.387326e-01 5.828576e-07
6.200000e-01 -3.681182e-01 6.153602e-07
6.300000e-01 -3.971410e-01 6.471373e-07
6.400000e-01 -4.257731e-01 6.779495e-07
6.500000e-01 -4.539870e-01 7.075549e-07
6.600000e-01 -4.817462e-01 7.359573e-07
6.700000e-01 -5.090313e-01 7.628274e-07
6.800000e-01 -5.358162e-01 7.879232e-07
6.900000e-01 -5.620750e-01 8.110053e-07
7.000000e-01 -5.877829e-01 8.318391e-07
7.100000e-01 -6.128976e-01 8.506949e-07
7.200000e-01 -6.374103e-01 8.669979e-07
7.300000e-01 -6.612976e-01 8.805281e-07
7.400000e-01 -6.845367e-01 8.910755e-07
7.500000e-01 -7.071054e-01 8.984421e-07
7.600000e-01 -7.289572e-01 9.031638e-07
7.700000e-01 -7.500940e-01 9.044668e-07
7.800000e-01 -7.704956e-01 9.021841e-07
7.900000e-01 -7.901427e-01 8.961659e-07
8.000000e-01 -8.090165e-01 8.862826e-07
8.100000e-01 -8.270673e-01 8.733115e-07
8.200000e-01 -8.443077e-01 8.563527e-07
8.300000e-01 -8.607213e-01 8.353243e-07
8.400000e-01 -8.762925e-01 8.101702e-07
8.500000e-01 -8.910068e-01 7.808628e-07
8.600000e-01 -9.048121e-01 7.483770e-07
8.700000e-01 -9.177315e-01 7.117859e-07
8.800000e-01 -9.297528e-01 6.711302e-07
8.900000e-01 -9.408649e-01 6.264854e-07
9.000000e-01 -9.510572e-01 5.779651e-07
9.100000e-01 -9.602771e-01 5.266869e-07
9.200000e-01 -9.685575e-01 4.718203e-07
9.300000e-01 -9.758906e-01 4.135554e-07
9.400000e-01 -9.822698e-01 3.522250e-07
9.500000e-01 -9.876892e-01 2.879907e-07
9.600000e-01 -9.920967e-01 2.226172e-07
9.700000e-01 -9.955340e-01 1.552601e-07
9.800000e-01 -9.979984e-01 8.123503e-08
9.900000e-01 -9.994880e-01 5.206721e-09
1.000000e+00 -1.000000e+00 -1.333164e-32
