# y u_x u_y
0.000000e+00 1.000000e+00 0.000000e+00
1.000000e-02 9.978880e-01 2.410353e-05
2.000000e-02 9.955913e-01 4.349316e-05
3.000000e-02 9.931101e-01 5.816888e-05
4.000000e-02 9.904443e-01 6.813069e-05
5.000000e-02 9.875939e-01 7.337861e-05
6.000000e-02 9.806738e-01 8.065989e-05
7.000000e-02 9.735612e-01 8.874133e-05
8.000000e-02 9.662559e-01 9.762292e-05
9.000000e-02 9.587582e-01 1.073047e-04
1.000000e-01 9.510678e-01 1.177866e-04
1.100000e-01 9.393695e-01 1.246367e-04
1.200000e-01 9.275180e-01 1.317459e-04
1.300000e-01 9.155133e-01 1.391142e-04
1.400000e-01 9.033554e-01 1.467417e-04
1.500000e-01 8.910444e-01 1.546283e-04
1.600000e-01 8.749081e-01 1.592110e-04
1.700000e-01 8.586464e-01 1.639972e-04
1.800000e-01 8.422594e-01 1.689870e-04
1.900000e-01 8.257470e-01 1.741804e-04
2.000000e-01 8.091093e-01 1.795772e-04
2.100000e-01 7.889225e-01 1.813171e-04
2.200000e-01 7.686457e-01 1.832310e-04
2.300000e-01 7.482790e-01 1.853190e-04
2.400000e-01 7.278223e-01 1.875810e-04
2.500000e-01 7.072756e-01 1.900170e-04
2.600000e-01 6.835217e-01 1.888215e-04
2.700000e-01 6.597206e-01 1.877455e-04
2.800000e-01 6.358724e-01 1.867891e-04
2.900000e-01 6.119770e-01 1.859521e-04
3.000000e-01 5.880345e-01 1.852347e-04
3.100000e-01 5.612840e-01 1.811208e-04
3.200000e-01 5.345367e-01 1.771140e-04
3.300000e-01 5.077926e-01 1.732142e-04
3.400000e-01 4.810516e-01 1.694214e-04
3.500000e-01 4.543139e-01 1.657358e-04
3.600000e-01 4.252124e-01 1.590942e-04
3.700000e-01 3.961701e-01 1.525708e-04
3.800000e-01 3.671869e-01 1.461655e-04
3.900000e-01 3.382629e-01 1.398784e-04
4.000000e-01 3.093980e-01 1.337095e-04
4.100000e-01 2.786519e-01 1.251798e-04
4.200000e-01 2.480245e-01 1.168068e-04
4.300000e-01 2.175158e-01 1.085906e-04
4.400000e-01 1.871257e-01 1.005313e-04
4.500000e-01 1.568544e-01 9.262870e-05
4.600000e-01 1.252140e-01 8.309022e-05
4.700000e-01 9.375276e-02 7.375466e-05
4.800000e-01 6.247061e-02 6.462201e-05
4.900000e-01 3.136756e-02 5.569228e-05
5.000000e-01 4.436199e-04 4.696547e-05
5.100000e-01 -3.131523e-02 3.740431e-05
5.200000e-01 -6.283653e-02 2.808372e-05
5.300000e-01 -9.412027e-02 1.900369e-05
5.400000e-01 -1.251665e-01 1.016423e-05
5.500000e-01 -1.559751e-01 1.565331e-06
5.600000e-01 -1.870705e-01 -7.022729e-06
5.700000e-01 -2.178750e-01 -1.536652e-05
5.800000e-01 -2.483884e-01 -2.346605e-05
5.900000e-01 -2.786109e-01 -3.132130e-05
6.000000e-01 -3.085424e-01 -3.893229e-05
6.100000e-01 -3.382063e-01 -4.569727e-05
6.200000e-01 -3.675339e-01 -5.226403e-05
6.300000e-01 -3.965250e-01 -5.863257e-05
6.400000e-01 -4.251797e-01 -6.480290e-05
6.500000e-01 -4.534980e-01 -7.077501e-05
6.600000e-01 -4.809954e-01 -7.510605e-05
6.700000e-01 -5.081219e-01 -7.935656e-05
6.800000e-01 -5.348774e-01 -8.352652e-05
6.900000e-01 -5.612618e-01 -8.761594e-05
7.000000e-01 -5.872753e-01 -9.162482e-05
7.100000e-01 -6.119222e-01 -9.326211e-05
7.200000e-01 -6.361771e-01 -9.498519e-05
7.300000e-01 -6.600398e-01 -9.679409e-05
7.400000e-01 -6.835104e-01 -9.868879e-05
7.500000e-01 -7.065889e-01 -1.006693e-04
7.600000e-01 -7.277699e-01 -9.965408e-05
7.700000e-01 -7.485533e-01 -9.895818e-05
7.800000e-01 -7.689390e-01 -9.858159e-05
7.900000e-01 -7.889271e-01 -9.852432e-05
8.000000e-01 -8.085176e-01 -9.878636e-05
8.100000e-01 -8.256979e-01 -9.540114e-05
8.200000e-01 -8.424921e-01 -9.254676e-05
8.300000e-01 -8.589002e-01 -9.022322e-05
8.400000e-01 -8.749223e-01 -8.843053e-05
8.500000e-01 -8.905583e-01 -8.716868e-05
8.600000e-01 -9.033086e-01 -8.209285e-05
8.700000e-01 -9.157015e-01 -7.773503e-05
8.800000e-01 -9.277371e-01 -7.409522e-05
8.900000e-01 -9.394154e-01 -7.117342e-05
9.000000e-01 -9.507363e-01 -6.896961e-05
9.100000e-01 -9.587100e-01 -6.152367e-05
9.200000e-01 -9.663634e-01 -5.570908e-05
9.300000e-01 -9.736965e-01 -5.152584e-05
9.400000e-01 -9.807092e-01 -4.897396e-05
9.500000e-01 -9.874015e-01 -4.805343e-05
9.600000e-01 -9.904209e-01 -4.588478e-05
9.700000e-01 -9.931905e-01 -3.999511e-05
9.800000e-01 -9.957102e-01 -3.038442e-05
9.900000e-01 -9.979800e-01 -1.705272e-05
1.000000e+00 -1.000000e+00 -1.329057e-32
