# y u_x u_y
0.000000e+00 1.000000e+00 0.000000e+00
1.000000e-02 9.991820e-01 2.639521e-06
2.000000e-02 9.978178e-01 4.165546e-06
3.000000e-02 9.953570e-01 4.938227e-06
4.000000e-02 9.918054e-01 5.930384e-06
5.000000e-02 9.877155e-01 7.106137e-06
6.000000e-02 9.819798e-01 8.244321e-06
7.000000e-02 9.757264e-01 9.331198e-06
8.000000e-02 9.683941e-01 1.034918e-05
9.000000e-02 9.599969e-01 1.133902e-05
1.000000e-01 9.511005e-01 1.233191e-05
1.100000e-01 9.405909e-01 1.321993e-05
1.200000e-01 9.296033e-01 1.410384e-05
1.300000e-01 9.175839e-01 1.491840e-05
1.400000e-01 9.045507e-01 1.567204e-05
1.500000e-01 8.910634e-01 1.643281e-05
1.600000e-01 8.760397e-01 1.703708e-05
1.700000e-01 8.605884e-01 1.765092e-05
1.800000e-01 8.441779e-01 1.818266e-05
1.900000e-01 8.268301e-01 1.863547e-05
2.000000e-01 8.090839e-01 1.910207e-05
2.100000e-01 7.899159e-01 1.938345e-05
2.200000e-01 7.703814e-01 1.968104e-05
2.300000e-01 7.499836e-01 1.989040e-05
2.400000e-01 7.287482e-01 2.001328e-05
2.500000e-01 7.071808e-01 2.015471e-05
2.600000e-01 6.843397e-01 2.010147e-05
2.700000e-01 6.612034e-01 2.006873e-05
2.800000e-01 6.373204e-01 1.994960e-05
2.900000e-01 6.127200e-01 1.974551e-05
3.000000e-01 5.878636e-01 1.956383e-05
3.100000e-01 5.619106e-01 1.919523e-05
3.200000e-01 5.357425e-01 1.885099e-05
3.300000e-01 5.089624e-01 1.843002e-05
3.400000e-01 4.816024e-01 1.793388e-05
3.500000e-01 4.540701e-01 1.746412e-05
3.600000e-01 4.256430e-01 1.683020e-05
3.700000e-01 3.970880e-01 1.622480e-05
3.800000e-01 3.680703e-01 1.555941e-05
3.900000e-01 3.386238e-01 1.483563e-05
4.000000e-01 3.090950e-01 1.414254e-05
4.100000e-01 2.788927e-01 1.332032e-05
4.200000e-01 2.486543e-01 1.253084e-05
4.300000e-01 2.181135e-01 1.170348e-05
4.400000e-01 1.873055e-01 1.083957e-05
4.500000e-01 1.565083e-01 1.001015e-05
4.600000e-01 1.252735e-01 9.095518e-06
4.700000e-01 9.409669e-02 8.216602e-06
4.800000e-01 6.278504e-02 7.324909e-06
4.900000e-01 3.137380e-02 6.420782e-06
5.000000e-01 6.763698e-05 5.552829e-06
5.100000e-01 -3.143119e-02 4.648461e-06
5.200000e-01 -6.277839e-02 3.779697e-06
5.300000e-01 -9.408968e-02 2.923207e-06
5.400000e-01 -1.253307e-01 2.077619e-06
5.500000e-01 -1.563745e-01 1.265807e-06
5.600000e-01 -1.873619e-01 4.670365e-07
5.700000e-01 -2.181074e-01 -3.012396e-07
5.800000e-01 -2.486471e-01 -1.035264e-06
5.900000e-01 -2.789487e-01 -1.738692e-06
6.000000e-01 -3.089654e-01 -2.416498e-06
6.100000e-01 -3.386783e-01 -3.034977e-06
6.200000e-01 -3.680650e-01 -3.634364e-06
6.300000e-01 -3.970809e-01 -4.183028e-06
6.400000e-01 -4.256968e-01 -4.687091e-06
6.500000e-01 -4.539475e-01 -5.180223e-06
6.600000e-01 -4.816537e-01 -5.573873e-06
6.700000e-01 -5.089582e-01 -5.966281e-06
6.800000e-01 -5.357357e-01 -6.298378e-06
6.900000e-01 -5.619609e-01 -6.578415e-06
7.000000e-01 -5.877508e-01 -6.868215e-06
7.100000e-01 -6.127671e-01 -7.026374e-06
7.200000e-01 -6.373174e-01 -7.206346e-06
7.300000e-01 -6.611971e-01 -7.323447e-06
7.400000e-01 -6.843856e-01 -7.387187e-06
7.500000e-01 -7.070807e-01 -7.485423e-06
7.600000e-01 -7.287899e-01 -7.428792e-06
7.700000e-01 -7.499819e-01 -7.419601e-06
7.800000e-01 -7.703757e-01 -7.351099e-06
7.900000e-01 -7.899561e-01 -7.232694e-06
8.000000e-01 -8.089991e-01 -7.174275e-06
8.100000e-01 -8.268652e-01 -6.947295e-06
8.200000e-01 -8.441777e-01 -6.792143e-06
8.300000e-01 -8.605834e-01 -6.585825e-06
8.400000e-01 -8.760730e-01 -6.335738e-06
8.500000e-01 -8.909967e-01 -6.167339e-06
8.600000e-01 -9.045782e-01 -5.827585e-06
8.700000e-01 -9.175854e-01 -5.578685e-06
8.800000e-01 -9.295991e-01 -5.290286e-06
8.900000e-01 -9.406161e-01 -4.962648e-06
9.000000e-01 -9.510543e-01 -4.726215e-06
9.100000e-01 -9.600154e-01 -4.331245e-06
9.200000e-01 -9.683972e-01 -4.046499e-06
9.300000e-01 -9.757234e-01 -3.744763e-06
9.400000e-01 -9.819963e-01 -3.370824e-06
9.500000e-01 -9.876928e-01 -3.033489e-06
9.600000e-01 -9.918118e-01 -2.595731e-06
9.700000e-01 -9.953600e-01 -2.480841e-06
9.800000e-01 -9.978188e-01 -2.539809e-06
9.900000e-01 -9.991922e-01 -1.774136e-06
1.000000e+00 -1.000000e+00 -1.332341e-32
