# y u_x u_y
0.000000e+00 1.000000e+00 0.000000e+00
1.000000e-02 9.944404e-01 1.018061e-04
2.000000e-02 9.889050e-01 1.947091e-04
3.000000e-02 9.833939e-01 2.787091e-04
4.000000e-02 9.779069e-01 3.538060e-04
5.000000e-02 9.724442e-01 4.199998e-04
6.000000e-02 9.670057e-01 4.772906e-04
7.000000e-02 9.615914e-01 5.256783e-04
8.000000e-02 9.562014e-01 5.651630e-04
9.000000e-02 9.508355e-01 5.957446e-04
1.000000e-01 9.454939e-01 6.174231e-04
1.100000e-01 9.312263e-01 6.509146e-04
1.200000e-01 9.169619e-01 6.846669e-04
1.300000e-01 9.027007e-01 7.186801e-04
1.400000e-01 8.884428e-01 7.529542e-04
1.500000e-01 8.741880e-01 7.874891e-04
1.600000e-01 8.599365e-01 8.222848e-04
1.700000e-01 8.456881e-01 8.573414e-04
1.800000e-01 8.314430e-01 8.926588e-04
1.900000e-01 8.172010e-01 9.282371e-04
2.000000e-01 8.029623e-01 9.640763e-04
2.100000e-01 7.808361e-01 9.563862e-04
2.200000e-01 7.587685e-01 9.506290e-04
2.300000e-01 7.367597e-01 9.468045e-04
2.400000e-01 7.148096e-01 9.449129e-04
2.500000e-01 6.929182e-01 9.449540e-04
2.600000e-01 6.710855e-01 9.469279e-04
2.700000e-01 6.493115e-01 9.508346e-04
2.800000e-01 6.275962e-01 9.566741e-04
2.900000e-01 6.059396e-01 9.644464e-04
3.000000e-01 5.843417e-01 9.741515e-04
3.100000e-01 5.562263e-01 9.466270e-04
3.200000e-01 5.282282e-01 9.193867e-04
3.300000e-01 5.003475e-01 8.924307e-04
3.400000e-01 4.725841e-01 8.657589e-04
3.500000e-01 4.449381e-01 8.393713e-04
3.600000e-01 4.174094e-01 8.132679e-04
3.700000e-01 3.899980e-01 7.874487e-04
3.800000e-01 3.627040e-01 7.619138e-04
3.900000e-01 3.355273e-01 7.366630e-04
4.000000e-01 3.084679e-01 7.116965e-04
4.100000e-01 2.769237e-01 6.616266e-04
4.200000e-01 2.455826e-01 6.124237e-04
4.300000e-01 2.144447e-01 5.640878e-04
4.400000e-01 1.835100e-01 5.166189e-04
4.500000e-01 1.527784e-01 4.700171e-04
4.600000e-01 1.222500e-01 4.242823e-04
4.700000e-01 9.192477e-02 3.794146e-04
4.800000e-01 6.180269e-02 3.354138e-04
4.900000e-01 3.188376e-02 2.922801e-04
5.000000e-01 2.168007e-03 2.500135e-04
5.100000e-01 -2.978050e-02 1.980046e-04
5.200000e-01 -6.144041e-02 1.470665e-04
5.300000e-01 -9.281171e-02 9.719913e-05
5.400000e-01 -1.238944e-01 4.840257e-05
5.500000e-01 -1.546885e-01 6.767929e-07
5.600000e-01 -1.851940e-01 -4.597821e-05
5.700000e-01 -2.154109e-01 -9.156244e-05
5.800000e-01 -2.453391e-01 -1.360759e-04
5.900000e-01 -2.749788e-01 -1.795186e-04
6.000000e-01 -3.043299e-01 -2.218904e-04
6.100000e-01 -3.335027e-01 -2.552654e-04
6.200000e-01 -3.623319e-01 -2.873741e-04
6.300000e-01 -3.908176e-01 -3.182166e-04
6.400000e-01 -4.189598e-01 -3.477928e-04
6.500000e-01 -4.467585e-01 -3.761028e-04
6.600000e-01 -4.742136e-01 -4.031466e-04
6.700000e-01 -5.013252e-01 -4.289242e-04
6.800000e-01 -5.280933e-01 -4.534355e-04
6.900000e-01 -5.545178e-01 -4.766806e-04
7.000000e-01 -5.805989e-01 -4.986594e-04
7.100000e-01 -6.040699e-01 -4.958350e-04
7.200000e-01 -6.272034e-01 -4.949829e-04
7.300000e-01 -6.499992e-01 -4.961032e-04
7.400000e-01 -6.724575e-01 -4.991959e-04
7.500000e-01 -6.945780e-01 -5.042609e-04
7.600000e-01 -7.163610e-01 -5.112983e-04
7.700000e-01 -7.378064e-01 -5.203081e-04
7.800000e-01 -7.589141e-01 -5.312903e-04
7.900000e-01 -7.796842e-01 -5.442449e-04
8.000000e-01 -8.001167e-01 -5.591719e-04
8.100000e-01 -8.157367e-01 -5.308512e-04
8.200000e-01 -8.310770e-01 -5.045812e-04
8.300000e-01 -8.461375e-01 -4.803618e-04
8.400000e-01 -8.609182e-01 -4.581930e-04
8.500000e-01 -8.754193e-01 -4.380748e-04
8.600000e-01 -8.896405e-01 -4.200073e-04
8.700000e-01 -9.035821e-01 -4.039903e-04
8.800000e-01 -9.172439e-01 -3.900240e-04
8.900000e-01 -9.306259e-01 -3.781084e-04
9.000000e-01 -9.437282e-01 -3.682433e-04
9.100000e-01 -9.498774e-01 -3.501315e-04
9.200000e-01 -9.559107e-01 -3.278613e-04
9.300000e-01 -9.618279e-01 -3.014328e-04
9.400000e-01 -9.676291e-01 -2.708459e-04
9.500000e-01 -9.733143e-01 -2.361008e-04
9.600000e-01 -9.788835e-01 -1.971973e-04
9.700000e-01 -9.843366e-01 -1.541355e-04
9.800000e-01 -9.896738e-01 -1.069153e-04
9.900000e-01 -9.948949e-01 -5.553682e-05
1.000000e+00 -1.000000e+00 -1.316024e-32
