# y u_x u_y
0.000000e+00 1.000000e+00 0.000000e+00
1.000000e-02 9.993913e-01 -1.344297e-06
2.000000e-02 9.978410e-01 -3.647054e-06
3.000000e-02 9.953491e-01 -6.908270e-06
4.000000e-02 9.919156e-01 -1.112795e-05
5.000000e-02 9.875404e-01 -1.630608e-05
6.000000e-02 9.820302e-01 -2.146532e-05
7.000000e-02 9.756044e-01 -2.657506e-05
8.000000e-02 9.682629e-01 -3.163531e-05
9.000000e-02 9.600058e-01 -3.664607e-05
1.000000e-01 9.508331e-01 -4.160734e-05
1.100000e-01 9.405583e-01 -4.628799e-05
1.200000e-01 9.294148e-01 -5.080300e-05
1.300000e-01 9.174026e-01 -5.515237e-05
1.400000e-01 9.045216e-01 -5.933609e-05
1.500000e-01 8.907719e-01 -6.335417e-05
1.600000e-01 8.759798e-01 -6.718363e-05
1.700000e-01 8.603874e-01 -7.093024e-05
1.800000e-01 8.439945e-01 -7.459399e-05
1.900000e-01 8.268014e-01 -7.817488e-05
2.000000e-01 8.088078e-01 -8.167291e-05
2.100000e-01 7.898578e-01 -8.501940e-05
2.200000e-01 7.701957e-01 -8.828783e-05
2.300000e-01 7.498213e-01 -9.147819e-05
2.400000e-01 7.287348e-01 -9.459048e-05
2.500000e-01 7.069361e-01 -9.762470e-05
2.600000e-01 6.842915e-01 -1.007477e-04
2.700000e-01 6.610409e-01 -1.045458e-04
2.800000e-01 6.371840e-01 -1.090192e-04
2.900000e-01 6.127211e-01 -1.141679e-04
3.000000e-01 5.876520e-01 -1.199917e-04
3.100000e-01 5.618667e-01 -1.248068e-04
3.200000e-01 5.355974e-01 -1.257105e-04
3.300000e-01 5.088441e-01 -1.227029e-04
3.400000e-01 4.816069e-01 -1.157839e-04
3.500000e-01 4.538857e-01 -1.049536e-04
3.600000e-01 4.256047e-01 -8.983833e-05
3.700000e-01 3.969705e-01 -7.711875e-05
3.800000e-01 3.679830e-01 -6.679485e-05
3.900000e-01 3.386422e-01 -5.886663e-05
4.000000e-01 3.089482e-01 -5.333409e-05
4.100000e-01 2.786721e-01 -4.838072e-05
4.200000e-01 2.482599e-01 -4.410257e-05
4.300000e-01 2.177118e-01 -4.049962e-05
4.400000e-01 1.870276e-01 -3.757189e-05
4.500000e-01 1.562075e-01 -3.531936e-05
4.600000e-01 1.252514e-01 -3.374204e-05
4.700000e-01 9.415924e-02 -3.283993e-05
4.800000e-01 6.293110e-02 -3.261303e-05
4.900000e-01 3.156697e-02 -3.306134e-05
5.000000e-01 6.684263e-05 -3.418486e-05
5.100000e-01 -3.156581e-02 -3.454610e-05
5.200000e-01 -6.303829e-02 -3.329109e-05
5.300000e-01 -9.435058e-02 -3.041984e-05
5.400000e-01 -1.255027e-01 -2.593235e-05
5.500000e-01 -1.564946e-01 -1.982863e-05
5.600000e-01 -1.873264e-01 -1.210866e-05
5.700000e-01 -2.179979e-01 -2.772457e-06
5.800000e-01 -2.485093e-01 8.179988e-06
5.900000e-01 -2.788605e-01 2.074867e-05
6.000000e-01 -3.090516e-01 3.493360e-05
6.100000e-01 -3.388803e-01 4.999461e-05
6.200000e-01 -3.682800e-01 6.452560e-05
6.300000e-01 -3.972506e-01 7.852655e-05
6.400000e-01 -4.257922e-01 9.199749e-05
6.500000e-01 -4.539047e-01 1.049384e-04
6.600000e-01 -4.815881e-01 1.173493e-04
6.700000e-01 -5.088424e-01 1.292301e-04
6.800000e-01 -5.356677e-01 1.405809e-04
6.900000e-01 -5.620639e-01 1.514017e-04
7.000000e-01 -5.880310e-01 1.616925e-04
7.100000e-01 -6.130180e-01 1.730117e-04
7.200000e-01 -6.373674e-01 1.864180e-04
7.300000e-01 -6.610792e-01 2.019114e-04
7.400000e-01 -6.841534e-01 2.194919e-04
7.500000e-01 -7.065900e-01 2.391594e-04
7.600000e-01 -7.283889e-01 2.609140e-04
7.700000e-01 -7.495503e-01 2.847557e-04
7.800000e-01 -7.700740e-01 3.106845e-04
7.900000e-01 -7.899601e-01 3.387004e-04
8.000000e-01 -8.092086e-01 3.688033e-04
8.100000e-01 -8.271451e-01 3.699405e-04
8.200000e-01 -8.442828e-01 3.568156e-04
8.300000e-01 -8.606218e-01 3.294286e-04
8.400000e-01 -8.761620e-01 2.877794e-04
8.500000e-01 -8.909034e-01 2.318680e-04
8.600000e-01 -9.045898e-01 1.768295e-04
8.700000e-01 -9.174253e-01 1.434171e-04
8.800000e-01 -9.294099e-01 1.316309e-04
8.900000e-01 -9.405436e-01 1.414709e-04
9.000000e-01 -9.508264e-01 1.729371e-04
9.100000e-01 -9.598634e-01 2.122588e-04
9.200000e-01 -9.679979e-01 2.325280e-04
9.300000e-01 -9.752300e-01 2.337449e-04
9.400000e-01 -9.815596e-01 2.159093e-04
9.500000e-01 -9.869866e-01 1.790213e-04
9.600000e-01 -9.913400e-01 1.251301e-04
9.700000e-01 -9.948180e-01 8.028239e-05
9.800000e-01 -9.974207e-01 4.447814e-05
9.900000e-01 -9.991480e-01 1.771734e-05
1.000000e+00 -1.000000e+00 -1.329057e-32
