# y u_x u_y
0.000000e+00 1.000000e+00 0.000000e+00
1.000000e-02 9.994295e-01 -2.638681e-07
2.000000e-02 9.979150e-01 -5.146484e-07
3.000000e-02 9.954564e-01 -7.523410e-07
4.000000e-02 9.920539e-01 -9.769459e-07
5.000000e-02 9.877074e-01 -1.188463e-06
6.000000e-02 9.822203e-01 -1.429823e-06
7.000000e-02 9.758147e-01 -1.697809e-06
8.000000e-02 9.684905e-01 -1.992422e-06
9.000000e-02 9.602478e-01 -2.313662e-06
1.000000e-01 9.510865e-01 -2.661528e-06
1.100000e-01 9.408192e-01 -2.970823e-06
1.200000e-01 9.296812e-01 -3.288818e-06
1.300000e-01 9.176726e-01 -3.615513e-06
1.400000e-01 9.047932e-01 -3.950908e-06
1.500000e-01 8.910432e-01 -4.295004e-06
1.600000e-01 8.762491e-01 -4.557492e-06
1.700000e-01 8.606534e-01 -4.763994e-06
1.800000e-01 8.442563e-01 -4.914508e-06
1.900000e-01 8.270578e-01 -5.009036e-06
2.000000e-01 8.090577e-01 -5.047577e-06
2.100000e-01 7.901005e-01 -4.962938e-06
2.200000e-01 7.704306e-01 -4.876342e-06
2.300000e-01 7.500478e-01 -4.787788e-06
2.400000e-01 7.289523e-01 -4.697276e-06
2.500000e-01 7.071439e-01 -4.604806e-06
2.600000e-01 6.844865e-01 -4.090139e-06
2.700000e-01 6.612226e-01 -3.178885e-06
2.800000e-01 6.373523e-01 -1.871046e-06
2.900000e-01 6.128755e-01 -1.666205e-07
3.000000e-01 5.877921e-01 1.934391e-06
3.100000e-01 5.620707e-01 2.788555e-06
3.200000e-01 5.358199e-01 2.318981e-06
3.300000e-01 5.090300e-01 8.940509e-07
3.400000e-01 4.817431e-01 -4.950302e-07
3.500000e-01 4.539831e-01 -1.886241e-06
3.600000e-01 4.257613e-01 -3.097203e-06
3.700000e-01 3.971417e-01 -3.551148e-06
3.800000e-01 3.681185e-01 -3.108263e-06
3.900000e-01 3.387378e-01 -2.372896e-06
4.000000e-01 3.090208e-01 -1.686308e-06
4.100000e-01 2.789469e-01 -7.960604e-07
4.200000e-01 2.486532e-01 1.255940e-07
4.300000e-01 2.181397e-01 1.078655e-06
4.400000e-01 1.874064e-01 2.063122e-06
4.500000e-01 1.564532e-01 3.078996e-06
4.600000e-01 1.253067e-01 4.028314e-06
4.700000e-01 9.409002e-02 4.798578e-06
4.800000e-01 6.280324e-02 5.389790e-06
4.900000e-01 3.144633e-02 5.801948e-06
5.000000e-01 1.928858e-05 6.035053e-06
5.100000e-01 -3.143083e-02 6.242255e-06
5.200000e-01 -6.279942e-02 6.483521e-06
5.300000e-01 -9.408647e-02 6.758850e-06
5.400000e-01 -1.252920e-01 7.068244e-06
5.500000e-01 -1.564160e-01 7.411702e-06
5.600000e-01 -1.873973e-01 7.776680e-06
5.700000e-01 -2.181467e-01 8.188338e-06
5.800000e-01 -2.486642e-01 8.646674e-06
5.900000e-01 -2.789498e-01 9.151690e-06
6.000000e-01 -3.090035e-01 9.703385e-06
6.100000e-01 -3.387479e-01 1.036053e-05
6.200000e-01 -3.681180e-01 1.109330e-05
6.300000e-01 -3.971138e-01 1.190169e-05
6.400000e-01 -4.257353e-01 1.278570e-05
6.500000e-01 -4.539826e-01 1.374534e-05
6.600000e-01 -4.817541e-01 1.461751e-05
6.700000e-01 -5.090197e-01 1.539607e-05
6.800000e-01 -5.357793e-01 1.608099e-05
6.900000e-01 -5.620330e-01 1.667230e-05
7.000000e-01 -5.877808e-01 1.716999e-05
7.100000e-01 -6.128959e-01 1.764875e-05
7.200000e-01 -6.373859e-01 1.839295e-05
7.300000e-01 -6.612507e-01 1.940259e-05
7.400000e-01 -6.844904e-01 2.067768e-05
7.500000e-01 -7.071050e-01 2.221821e-05
7.600000e-01 -7.289431e-01 2.389052e-05
7.700000e-01 -7.500518e-01 2.535577e-05
7.800000e-01 -7.704312e-01 2.661395e-05
7.900000e-01 -7.900812e-01 2.766508e-05
8.000000e-01 -8.090019e-01 2.850915e-05
8.100000e-01 -8.270612e-01 2.664716e-05
8.200000e-01 -8.443052e-01 2.353815e-05
8.300000e-01 -8.607161e-01 1.925665e-05
8.400000e-01 -8.762685e-01 1.594142e-05
8.500000e-01 -8.909713e-01 1.423081e-05
8.600000e-01 -9.047848e-01 1.293596e-05
8.700000e-01 -9.177117e-01 9.707487e-06
8.800000e-01 -9.297357e-01 4.626044e-06
8.900000e-01 -9.408364e-01 9.123191e-07
9.000000e-01 -9.510236e-01 -4.407592e-07
9.100000e-01 -9.602424e-01 2.392536e-06
9.200000e-01 -9.685155e-01 4.084350e-06
9.300000e-01 -9.758428e-01 4.634683e-06
9.400000e-01 -9.822244e-01 4.043536e-06
9.500000e-01 -9.876602e-01 2.310908e-06
9.600000e-01 -9.920618e-01 3.056426e-08
9.700000e-01 -9.954966e-01 -1.340698e-06
9.800000e-01 -9.979645e-01 -1.802880e-06
9.900000e-01 -9.994657e-01 -1.355980e-06
1.000000e+00 -1.000000e+00 -1.332341e-32
