# y u_x u_y
0.000000e+00 0.000000e+00 0.000000e+00
1.000000e-02 0.000000e+00 0.000000e+00
2.000000e-02 0.000000e+00 0.000000e+00
3.000000e-02 0.000000e+00 0.000000e+00
4.000000e-02 0.000000e+00 0.000000e+00
5.000000e-02 0.000000e+00 0.000000e+00
6.000000e-02 0.000000e+00 0.000000e+00
7.000000e-02 0.000000e+00 0.000000e+00
8.000000e-02 0.000000e+00 0.000000e+00
9.000000e-02 0.000000e+00 0.000000e+00
1.000000e-01 0.000000e+00 0.000000e+00
1.100000e-01 0.000000e+00 0.000000e+00
1.200000e-01 0.000000e+00 0.000000e+00
1.300000e-01 0.000000e+00 0.000000e+00
1.400000e-01 0.000000e+00 0.000000e+00
1.500000e-01 0.000000e+00 0.000000e+00
1.600000e-01 0.000000e+00 0.000000e+00
1.700000e-01 0.000000e+00 0.000000e+00
1.800000e-01 0.000000e+00 0.000000e+00
1.900000e-01 0.000000e+00 0.000000e+00
2.000000e-01 0.000000e+00 0.000000e+00
2.100000e-01 0.000000e+00 0.000000e+00
2.200000e-01 0.000000e+00 0.000000e+00
2.300000e-01 0.000000e+00 0.000000e+00
2.400000e-01 0.000000e+00 0.000000e+00
2.500000e-01 0.000000e+00 0.000000e+00
2.600000e-01 0.000000e+00 0.000000e+00
2.700000e-01 0.000000e+00 0.000000e+00
2.800000e-01 0.000000e+00 0.000000e+00
2.900000e-01 0.000000e+00 0.000000e+00
3.000000e-01 0.000000e+00 0.000000e+00
3.100000e-01 0.000000e+00 0.000000e+00
3.200000e-01 0.000000e+00 0.000000e+00
3.300000e-01 0.000000e+00 0.000000e+00
3.400000e-01 0.000000e+00 0.000000e+00
3.500000e-01 0.000000e+00 0.000000e+00
3.600000e-01 0.000000e+00 0.000000e+00
3.700000e-01 0.000000e+00 0.000000e+00
3.800000e-01 0.000000e+00 0.000000e+00
3.900000e-01 0.000000e+00 0.000000e+00
4.000000e-01 0.000000e+00 0.000000e+00
4.100000e-01 0.000000e+00 0.000000e+00
4.200000e-01 0.000000e+00 0.000000e+00
4.300000e-01 0.000000e+00 0.000000e+00
4.400000e-01 0.000000e+00 0.000000e+00
4.500000e-01 0.000000e+00 0.000000e+00
4.600000e-01 0.000000e+00 0.000000e+00
4.700000e-01 0.000000e+00 0.000000e+00
4.800000e-01 0.000000e+00 0.000000e+00
4.900000e-01 0.000000e+00 0.000000e+00
5.000000e-01 0.000000e+00 0.000000e+00
5.100000e-01 1.980000e-01 -1.525477e-17
5.200000e-01 3.920000e-01 -7.295969e-17
5.300000e-01 5.820000e-01 -1.743732e-16
5.400000e-01 7.680000e-01 -1.953016e-16
5.500000e-01 9.500000e-01 -5.030546e-17
5.600000e-01 1.128000e+00 1.066361e-16
5.700000e-01 1.302000e+00 3.221992e-17
5.800000e-01 1.472000e+00 -1.598529e-16
5.900000e-01 1.638000e+00 -2.584315e-16
6.000000e-01 1.800000e+00 -1.810558e-16
6.100000e-01 1.958000e+00 4.305871e-18
6.200000e-01 2.112000e+00 8.334496e-17
6.300000e-01 2.262000e+00 9.041812e-17
6.400000e-01 2.408000e+00 4.330431e-17
6.500000e-01 2.550000e+00 -5.799645e-17
6.600000e-01 2.688000e+00 -2.134842e-16
6.700000e-01 2.822000e+00 -3.198249e-16
6.800000e-01 2.952000e+00 -2.542404e-16
6.900000e-01 3.078000e+00 -2.136765e-16
7.000000e-01 3.200000e+00 -1.981332e-16
7.100000e-01 3.318000e+00 -2.076105e-16
7.200000e-01 3.432000e+00 -2.421084e-16
7.300000e-01 3.542000e+00 -2.327392e-16
7.400000e-01 3.648000e+00 -2.050812e-16
7.500000e-01 3.750000e+00 -1.758633e-16
7.600000e-01 3.848000e+00 -1.450855e-16
7.700000e-01 3.942000e+00 -1.127478e-16
7.800000e-01 4.032000e+00 -7.885023e-17
7.900000e-01 4.118000e+00 -4.339276e-17
8.000000e-01 4.200000e+00 -6.375408e-18
8.100000e-01 4.278000e+00 3.220184e-17
8.200000e-01 4.352000e+00 7.233898e-17
8.300000e-01 4.422000e+00 1.140360e-16
8.400000e-01 4.488000e+00 1.493325e-16
8.500000e-01 4.550000e+00 1.711449e-16
8.600000e-01 4.608000e+00 1.812409e-16
8.700000e-01 4.662000e+00 1.796204e-16
8.800000e-01 4.712000e+00 1.662835e-16
8.900000e-01 4.758000e+00 1.412300e-16
9.000000e-01 4.800000e+00 1.044601e-16
9.100000e-01 4.838000e+00 5.597365e-17
9.200000e-01 4.872000e+00 -4.229247e-18
9.300000e-01 4.902000e+00 -7.614863e-17
9.400000e-01 4.928000e+00 -1.597845e-16
9.500000e-01 4.950000e+00 -1.455763e-16
9.600000e-01 4.968000e+00 -5.552141e-17
9.700000e-01 4.982000e+00 2.270726e-17
9.800000e-01 4.992000e+00 8.910973e-17
9.900000e-01 4.998000e+00 1.436860e-16
1.000000e+00 5.000000e+00 1.864361e-16
