# y u_x u_y
0.000000e+00 0.000000e+00 0.000000e+00
1.000000e-02 0.000000e+00 0.000000e+00
2.000000e-02 0.000000e+00 0.000000e+00
3.000000e-02 0.000000e+00 0.000000e+00
4.000000e-02 0.000000e+00 0.000000e+00
5.000000e-02 0.000000e+00 0.000000e+00
6.000000e-02 0.000000e+00 0.000000e+00
7.000000e-02 0.000000e+00 0.000000e+00
8.000000e-02 0.000000e+00 0.000000e+00
9.000000e-02 0.000000e+00 0.000000e+00
1.000000e-01 0.000000e+00 0.000000e+00
1.100000e-01 0.000000e+00 0.000000e+00
1.200000e-01 0.000000e+00 0.000000e+00
1.300000e-01 0.000000e+00 0.000000e+00
1.400000e-01 0.000000e+00 0.000000e+00
1.500000e-01 0.000000e+00 0.000000e+00
1.600000e-01 0.000000e+00 0.000000e+00
1.700000e-01 0.000000e+00 0.000000e+00
1.800000e-01 0.000000e+00 0.000000e+00
1.900000e-01 0.000000e+00 0.000000e+00
2.000000e-01 0.000000e+00 0.000000e+00
2.100000e-01 0.000000e+00 0.000000e+00
2.200000e-01 0.000000e+00 0.000000e+00
2.300000e-01 0.000000e+00 0.000000e+00
2.400000e-01 0.000000e+00 0.000000e+00
2.500000e-01 0.000000e+00 0.000000e+00
2.600000e-01 0.000000e+00 0.000000e+00
2.700000e-01 0.000000e+00 0.000000e+00
2.800000e-01 0.000000e+00 0.000000e+00
2.900000e-01 0.000000e+00 0.000000e+00
3.000000e-01 0.000000e+00 0.000000e+00
3.100000e-01 0.000000e+00 0.000000e+00
3.200000e-01 0.000000e+00 0.000000e+00
3.300000e-01 0.000000e+00 0.000000e+00
3.400000e-01 0.000000e+00 0.000000e+00
3.500000e-01 0.000000e+00 0.000000e+00
3.600000e-01 0.000000e+00 0.000000e+00
3.700000e-01 0.000000e+00 0.000000e+00
3.800000e-01 0.000000e+00 0.000000e+00
3.900000e-01 0.000000e+00 0.000000e+00
4.000000e-01 0.000000e+00 0.000000e+00
4.100000e-01 0.000000e+00 0.000000e+00
4.200000e-01 0.000000e+00 0.000000e+00
4.300000e-01 0.000000e+00 0.000000e+00
4.400000e-01 0.000000e+00 0.000000e+00
4.500000e-01 0.000000e+00 0.000000e+00
4.600000e-01 0.000000e+00 0.000000e+00
4.700000e-01 0.000000e+00 0.000000e+00
4.800000e-01 0.000000e+00 0.000000e+00
4.900000e-01 0.000000e+00 0.000000e+00
5.000000e-01 0.000000e+00 0.000000e+00
5.100000e-01 1.980000e-01 3.331155e-17
5.200000e-01 3.920000e-01 2.404351e-17
5.300000e-01 5.820000e-01 -2.780411e-17
5.400000e-01 7.680000e-01 -1.222313e-16
5.500000e-01 9.500000e-01 -2.592381e-16
5.600000e-01 1.128000e+00 -3.469026e-16
5.700000e-01 1.302000e+00 -3.315067e-16
5.800000e-01 1.472000e+00 -3.161307e-16
5.900000e-01 1.638000e+00 -3.007747e-16
6.000000e-01 1.800000e+00 -2.854387e-16
6.100000e-01 1.958000e+00 -2.701226e-16
6.200000e-01 2.112000e+00 -2.575375e-16
6.300000e-01 2.262000e+00 -2.401290e-16
6.400000e-01 2.408000e+00 -2.172535e-16
6.500000e-01 2.550000e+00 -1.889108e-16
6.600000e-01 2.688000e+00 -1.551011e-16
6.700000e-01 2.822000e+00 -1.158243e-16
6.800000e-01 2.952000e+00 -7.108036e-17
6.900000e-01 3.078000e+00 -2.086936e-17
7.000000e-01 3.200000e+00 3.480874e-17
7.100000e-01 3.318000e+00 9.595392e-17
7.200000e-01 3.432000e+00 1.625662e-16
7.300000e-01 3.542000e+00 1.840301e-16
7.400000e-01 3.648000e+00 1.823988e-16
7.500000e-01 3.750000e+00 1.703714e-16
7.600000e-01 3.848000e+00 1.479479e-16
7.700000e-01 3.942000e+00 1.151283e-16
7.800000e-01 4.032000e+00 7.191253e-17
7.900000e-01 4.118000e+00 1.830064e-17
8.000000e-01 4.200000e+00 -4.570737e-17
8.100000e-01 4.278000e+00 -1.201115e-16
8.200000e-01 4.352000e+00 -2.049118e-16
8.300000e-01 4.422000e+00 -3.001082e-16
8.400000e-01 4.488000e+00 -2.362390e-16
8.500000e-01 4.550000e+00 -1.061994e-16
8.600000e-01 4.608000e+00 3.646953e-18
8.700000e-01 4.662000e+00 9.330006e-17
8.800000e-01 4.712000e+00 1.627599e-16
8.900000e-01 4.758000e+00 2.120265e-16
9.000000e-01 4.800000e+00 2.410999e-16
9.100000e-01 4.838000e+00 2.499800e-16
9.200000e-01 4.872000e+00 2.386669e-16
9.300000e-01 4.902000e+00 2.071606e-16
9.400000e-01 4.928000e+00 1.554609e-16
9.500000e-01 4.950000e+00 1.487824e-16
9.600000e-01 4.968000e+00 1.855479e-16
9.700000e-01 4.982000e+00 2.168620e-16
9.800000e-01 4.992000e+00 2.427248e-16
9.900000e-01 4.998000e+00 2.631362e-16
1.000000e+00 5.000000e+00 2.780962e-16
